CATGTRSBDP
1	1000	1000
1
1.8
0	0
0	0
WhelanD20_AA_mod_transform-none_states-06.phy
4
0
Universal

0
0
0
None
0
10	0
0
(((Saccoglossus_kowalevskii:0.09034623860572,Strongylocentrotus_purpuratus:0.125954649899577):0.0141826385803649,((Trichoplax_adhaerens:0.218327962801566,(((((Corticium_candelabrum:0.118956009493268,Oscarella_carmela:0.0994316136064004):0.0609637924582142,(Sycon_ciliatum:0.0247326981452249,Sycon_coactum:0.0454675812248368):0.210528490315963):0.00875596592394328,(((Chondrilla_nucula:0.175964705401306,Ircinia_fasciculata:0.120985453577481):0.0129052336674088,((Petrosia_ficiformis:0.0574712039453221,Amphimedon_queenslandica:0.105827903842096):0.0572359276263436,((Ephydatia_muelleri:0.0156743927592548,Spongilla_alba:0.0383837445232842):0.0816444165303883,(((Latrunculia_apicalis:0.0358110978825154,(Kirkpatrickia_variolosa:0.0238930492050449,Crella_elegans:0.0366867981260513):0.0106892890611275):0.040079557495848,Tethya_wilhelma:0.05588802248903):0.0078622722274275,Pseudospongosorites_suberitoides:0.0674639367403414):0.027330496065552):0.00985750878542173):0.0347122380487779):0.0325899589659399,(Hyalonema_populiferum:0.203726295134247,(Aphrocallistes_vastus:0.0447649628496389,(Sympagella_nux:0.0209114108520502,Rossella_fibulata:0.0246733208504403):0.0321627938804466):0.0649970234517026):0.269376548047267):0.0344080687675766):0.0121616321385195,((Monosiga_ovata:0.352835133765589,Salpingoeca_rosetta:0.453736519996223):0.183246804432165,(((Spizellomyces_punctatus:0.190753808114202,(Allomyces_macrogynus:0.388813893107834,(Rhizopus_oryzae:0.185178235277817,Mortierella_verticillata:0.138580295398936):0.03908243512197):0.021108076974986):0.233615201862836,(Capsaspora_owczarzaki:0.249695807856536,Ministeria_vibrans:0.382499168472025):0.0270336544517771):0.0109071990795056,(Sphaeroforma_arctica:0.281005410889167,Amoebidium_parasiticum:0.116155535984327):0.137676577612358):0.0372236179600469):0.112725734909165):0.0077998744451085,(((Coeloplana_astericola:0.0538920163695549,Vallicula_sp:0.0427753789833304):0.0357114614580859,(((Beroe_abyssicola:0.0410198063740074,((Mertensiidae_sp:0.0133245891886675,Bolinopsis_infundibulum:0.0187033608104214):0.0223112036454349,Mnemiopsis_leidyi:0.0321952163345743):0.0063860177489723):0.00758385409955086,Dryodora_glandiformis:0.0490210702428164):0.00991718873401722,(Pleurobrachia_bachei:0.069202948271138,Pleurobrachia_atlantica:0.0024730446590263):0.072324629089004):0.0173978317456644):0.0378467796416995,Euplokamis_dunlapae:0.0712430235929346):0.366356100194876):0.00699438749620729):0.00475515378972206,((((((Agalma_elegans:0.017205862068964,Nanomia_bijuga:0.0322974884698094):0.0153084447767065,(Craseoa_lathetica:0.0232110747741676,Abylopsis_tetragona:0.0485520363573243):0.0140612830682137):0.0156963631237796,Physalia_physalis:0.0416787929262901):0.0279950632777923,(Hydra_viridissima:0.0188950840530286,(Hydra_vulgaris:0.00831487602647606,Hydra_oligactis:0.0116410854140973):0.0115698931675497):0.0638932547718095):0.0720250757968506,(Periphylla_periphylla:0.0572271783697084,Aurelia_aurita:0.0780907202170897):0.0127707403882605):0.0504167275361705,(((Platygyra_carnosa:0.290267051981167,Acropora_digitifera:0.021556924504163):0.0355173724829389,(((Aiptasia_pallida:0.0389426771341701,Hormathia_digitata:0.0221609964759535):0.0038567176921147,Bolocera_tuediae:0.0388980945519959):0.0191399814231282,Nematostella_vectensis:0.0531630606762784):0.0198513843604776):0.0269457453836627,Eunicella_verrucosa:0.101308986247984):0.0136677709316816):0.0243417943559804):0.0365000246942733):0.00423934283252462,(((Lottia_gigantea:0.100960733908784,Capitella_teleta:0.103079743767729):0.00838166102564612,(Hemithiris_psittacea:0.0956734803906059,Tubulanus_polymorphus:0.0979474065873711):0.00921635741716673):0.0201853364973071,(Priapulus_caudatus:0.120469026168679,((Daphnia_pulex:0.122682572712696,Drosophila_melanogaster:0.191066732350656):0.0280051605437746,Lithobius_forficatus:0.0765661155960839):0.0213183375549228):0.0101573017930293):0.0137446374550018,((Danio_rerio:0.0438767226849552,Homo_sapiens:0.0439583954435018):0.0169080928960319,Petromyzon_marinus:0.0811413540214164):0.0623118360930352);
(((Saccoglossus_kowalevskii:0.09034623860572,Strongylocentrotus_purpuratus:0.125954649899577):0.0141826385803649,((Trichoplax_adhaerens:0.218327962801566,(((((Corticium_candelabrum:0.118956009493268,Oscarella_carmela:0.0994316136064004):0.0609637924582142,(Sycon_ciliatum:0.0247326981452249,Sycon_coactum:0.0454675812248368):0.210528490315963):0.00875596592394328,(((Chondrilla_nucula:0.175964705401306,Ircinia_fasciculata:0.120985453577481):0.0129052336674088,((Petrosia_ficiformis:0.0574712039453221,Amphimedon_queenslandica:0.105827903842096):0.0572359276263436,((Ephydatia_muelleri:0.0156743927592548,Spongilla_alba:0.0383837445232842):0.0816444165303883,(((Latrunculia_apicalis:0.0358110978825154,(Kirkpatrickia_variolosa:0.0238930492050449,Crella_elegans:0.0366867981260513):0.0106892890611275):0.040079557495848,Tethya_wilhelma:0.05588802248903):0.0078622722274275,Pseudospongosorites_suberitoides:0.0674639367403414):0.027330496065552):0.00985750878542173):0.0347122380487779):0.0325899589659399,(Hyalonema_populiferum:0.203726295134247,(Aphrocallistes_vastus:0.0447649628496389,(Sympagella_nux:0.0209114108520502,Rossella_fibulata:0.0246733208504403):0.0321627938804466):0.0649970234517026):0.269376548047267):0.0344080687675766):0.0121616321385195,((Monosiga_ovata:0.352835133765589,Salpingoeca_rosetta:0.453736519996223):0.183246804432165,(((Spizellomyces_punctatus:0.190753808114202,(Allomyces_macrogynus:0.388813893107834,(Rhizopus_oryzae:0.185178235277817,Mortierella_verticillata:0.138580295398936):0.03908243512197):0.021108076974986):0.233615201862836,(Capsaspora_owczarzaki:0.249695807856536,Ministeria_vibrans:0.382499168472025):0.0270336544517771):0.0109071990795056,(Sphaeroforma_arctica:0.281005410889167,Amoebidium_parasiticum:0.116155535984327):0.137676577612358):0.0372236179600469):0.112725734909165):0.0077998744451085,(((Coeloplana_astericola:0.0538920163695549,Vallicula_sp:0.0427753789833304):0.0357114614580859,(((Beroe_abyssicola:0.0410198063740074,((Mertensiidae_sp:0.0133245891886675,Bolinopsis_infundibulum:0.0187033608104214):0.0223112036454349,Mnemiopsis_leidyi:0.0321952163345743):0.0063860177489723):0.00758385409955086,Dryodora_glandiformis:0.0490210702428164):0.00991718873401722,(Pleurobrachia_bachei:0.069202948271138,Pleurobrachia_atlantica:0.0024730446590263):0.072324629089004):0.0173978317456644):0.0378467796416995,Euplokamis_dunlapae:0.0712430235929346):0.366356100194876):0.00699438749620729):0.00475515378972206,((((((Agalma_elegans:0.017205862068964,Nanomia_bijuga:0.0322974884698094):0.0153084447767065,(Craseoa_lathetica:0.0232110747741676,Abylopsis_tetragona:0.0485520363573243):0.0140612830682137):0.0156963631237796,Physalia_physalis:0.0416787929262901):0.0279950632777923,(Hydra_viridissima:0.0188950840530286,(Hydra_vulgaris:0.00831487602647606,Hydra_oligactis:0.0116410854140973):0.0115698931675497):0.0638932547718095):0.0720250757968506,(Periphylla_periphylla:0.0572271783697084,Aurelia_aurita:0.0780907202170897):0.0127707403882605):0.0504167275361705,(((Platygyra_carnosa:0.290267051981167,Acropora_digitifera:0.021556924504163):0.0355173724829389,(((Aiptasia_pallida:0.0389426771341701,Hormathia_digitata:0.0221609964759535):0.0038567176921147,Bolocera_tuediae:0.0388980945519959):0.0191399814231282,Nematostella_vectensis:0.0531630606762784):0.0198513843604776):0.0269457453836627,Eunicella_verrucosa:0.101308986247984):0.0136677709316816):0.0243417943559804):0.0365000246942733):0.00423934283252462,(((Lottia_gigantea:0.100960733908784,Capitella_teleta:0.103079743767729):0.00838166102564612,(Hemithiris_psittacea:0.0956734803906059,Tubulanus_polymorphus:0.0979474065873711):0.00921635741716673):0.0201853364973071,(Priapulus_caudatus:0.120469026168679,((Daphnia_pulex:0.122682572712696,Drosophila_melanogaster:0.191066732350656):0.0280051605437746,Lithobius_forficatus:0.0765661155960839):0.0213183375549228):0.0101573017930293):0.0137446374550018,((Danio_rerio:0.0438767226849552,Homo_sapiens:0.0439583954435018):0.0169080928960319,Petromyzon_marinus:0.0811413540214164):0.0623118360930352);
1
13.6908
1.15992
5000
22.2393
1.10006	0.302582	0.660213	0.0214823	0.555819	0.0343219	0.0304996	0.703391	0.496471	0.027386	0.0209234	0.0308943	0.0314989	0.0322836	0.0180645	0.0191947	0.0292548	0.0222909	0.0422662	0.033669	

6.62496	4.63667	0.122086	2.28445	0.438191	0.134759	5.30059	2.87771	0.3006	0.230604	0.542072	0.217771	0.220905	0.0709621	0.471851	0.546409	0.284227	0.049878	0.964	2.75978	0.00288039	4.66887	1.85914	0.106155	1.82901	2.8987	0.635292	0.514749	0.690666	0.0492767	0.193501	0.0277981	0.80572	0.899629	0.138452	0.184513	0.568061	0.288518	3.59615	0.0254332	0.175435	1.90518	3.46858	0.213618	0.0405057	2.43546	0.367531	0.126936	1.70143	0.621055	0.515021	0.449154	0.174269	0.240507	1.58786	0.696032	0.342751	0.87199	0.312822	0.77323	3.44316	1.48867	0.368085	0.954622	0.976655	0.046443	0.159623	0.156816	1.98505	2.10491	0.162406	0.665162	3.6225	4.69616	0.236674	0.0401257	0.310381	0.444719	0.309841	1.13755	0.784384	0.253197	1.24238	0.579417	0.744871	1.43321	0.00595371	0.0986089	0.766339	0.370044	0.265729	0.58414	0.12402	2.41451	0.109419	3.80011	0.0399972	0.0863777	0.16882	0.360227	1.13868	0.31412	1.23558	0.206328	0.604554	0.073436	1.11216	0.330583	0.135527	0.547513	0.440888	1.0528	2.7271	1.07231	0.043375	0.419287	1.71738	0.126658	0.737139	0.0239607	0.447184	0.077943	0.0637684	0.379405	0.380108	0.528156	1.53015	1.33793	0.8133	0.286089	0.616162	0.12889	0.190116	0.363292	0.257732	1.92938	0.267101	0.412486	1.82502	1.73225	0.130044	0.441687	0.5022	0.70045	1.50799	0.688107	0.0130248	4.37469	0.114873	1.54413	0.045801	2.13404	1.04482	0.470087	0.599359	1.56735	0.154247	0.242575	0.0873845	0.0301826	0.073442	0.771084	0.214134	0.212836	0.155727	0.504249	0.399208	2.56648	0.0570701	0.220859	0.56	0.165137	2.85498	2.75581	4.01953	0.295789	0.983235	3.77433	0.0295902	0.222222	0.116817	1.15728	1.4122	0.388633	1.0629	2.8378	1.56608	1.08067	0.960883	0.138215	

0.974295	0.00138214	0.00737209	9.75591e-13	0.00329724	4.67409e-05	3.16902e-23	0.00910552	0.00450148	6.57091e-45	6.49713e-23	6.04917e-15	2.16047e-14	8.63152e-10	3.2532e-12	1.24869e-08	3.98399e-28	8.97407e-10	5.49727e-09	7.46692e-08	
0.618913	0.0466993	0.0528515	8.45854e-24	0.0577729	1.6019e-13	3.38974e-40	0.220511	0.000153119	1.8519e-12	0.000145743	1.34978e-12	2.94237e-08	1.84215e-35	4.45928e-23	6.41188e-24	1.19363e-16	3.89056e-15	0.00276426	0.000189853	
0.128597	0.10282	0.0315954	6.20075e-17	0.245228	1.18577e-08	3.65696e-17	0.467586	0.0219561	1.72606e-12	5.25025e-42	3.6996e-08	1.63746e-17	2.06114e-07	1.36581e-25	0.000378308	0.000941823	3.78843e-18	0.000898183	1.29673e-15	
0.443843	0.0558384	0.218659	4.13658e-24	0.0327	6.13518e-05	7.00789e-08	0.234011	0.0123541	1.76014e-08	2.97017e-10	1.05204e-08	7.33785e-06	0.00248901	1.24487e-45	9.91714e-29	2.98842e-05	6.80445e-06	1.82919e-07	1.20867e-16	
0.925791	0.0249265	0.0170914	4.88177e-24	0.00442591	2.07442e-10	2.67697e-18	0.0244638	0.00321567	2.02095e-13	2.06869e-12	8.57659e-05	5.35043e-15	5.20044e-23	1.55098e-14	4.59709e-07	1.97765e-09	1.74049e-19	4.51785e-20	6.97351e-18	
0.0123889	0.00572373	0.00491241	5.94852e-09	0.0086886	6.47993e-08	6.51116e-15	0.964437	0.00384901	2.27052e-14	1.03995e-25	7.15524e-12	2.35602e-07	1.26862e-12	2.86633e-13	7.30758e-13	3.51327e-13	2.00425e-11	8.46423e-08	4.21739e-07	
0.108885	0.0471181	0.0266606	1.28955e-05	0.778217	6.44407e-24	1.19163e-14	0.01173	0.0273764	5.03152e-12	1.9121e-62	4.75071e-29	2.30448e-07	1.97893e-17	6.56895e-10	3.18573e-14	2.26991e-07	2.21039e-14	3.28868e-16	1.37557e-07	
0.339849	0.0248886	0.155019	1.44363e-25	0.119949	1.3119e-05	3.7943e-05	0.223263	0.136971	5.60417e-41	2.1822e-28	1.09221e-12	3.38892e-16	1.29089e-08	1.38439e-30	9.81012e-06	2.0782e-12	3.29009e-11	4.42573e-11	7.21181e-26	
0.405563	0.0868066	0.117537	8.45772e-09	0.0257919	7.83001e-08	1.9632e-06	0.306085	0.0578741	5.14209e-05	7.52763e-47	1.03434e-41	0.000123724	0.000165105	9.75386e-15	5.62091e-13	2.12168e-48	8.73411e-13	9.66468e-11	7.89839e-10	
0.75634	0.00776995	0.0593671	3.59157e-17	0.0283796	2.10762e-15	2.15758e-05	0.0439596	0.104162	5.94476e-22	8.77829e-25	4.33199e-36	1.49482e-07	1.62687e-07	6.35241e-18	6.74629e-20	4.79559e-37	1.4852e-14	8.94457e-15	1.19952e-07	
0.840149	0.0214508	0.108159	8.30113e-16	0.0101442	1.60608e-09	2.6131e-10	0.0114427	0.00856451	3.30815e-09	4.80217e-05	4.76562e-06	2.44078e-30	8.59961e-11	7.84778e-30	9.4671e-09	9.39194e-14	9.93463e-15	8.62888e-15	3.74781e-05	
0.0881952	0.0313686	0.0050572	3.41696e-12	0.038308	1.03565e-13	2.59469e-26	0.830766	0.00630193	2.41258e-22	8.41547e-17	1.47277e-13	1.19558e-11	2.10054e-21	2.441e-16	2.4812e-19	2.39608e-06	2.19634e-07	2.18561e-07	2.58827e-20	
0.244695	0.0173706	0.504097	1.21509e-24	0.0271616	3.9474e-21	5.27833e-05	0.145466	0.0600516	4.67184e-10	4.38574e-14	1.99539e-05	3.28317e-15	7.01993e-06	1.28379e-51	0.000614248	0.000464408	1.35591e-64	3.77184e-08	6.47751e-35	
0.352391	0.0121745	0.10757	1.26556e-06	0.0266051	7.90554e-15	4.29994e-12	0.184888	0.316326	5.39033e-07	5.92378e-07	8.44037e-12	1.0281e-81	2.60192e-09	1.90674e-101	6.82852e-08	1.06112e-09	4.36443e-05	4.97048e-08	4.50494e-15	
0.261237	0.0110652	0.178307	1.31376e-05	0.044845	9.38043e-15	8.05879e-11	0.0685357	0.435996	1.63752e-17	3.04676e-18	4.30797e-22	2.56966e-07	1.13811e-14	1.02522e-07	5.68543e-30	7.89403e-12	6.29018e-16	5.28278e-14	6.89295e-14	
0.438789	0.0186711	0.3129	0.000412691	0.0555803	9.94904e-06	8.4066e-12	0.0411684	0.132465	5.28244e-16	3.14742e-16	6.80319e-11	3.40365e-06	1.43558e-39	5.20442e-10	4.01639e-20	7.63989e-23	6.51246e-18	5.34492e-14	6.67789e-09	
0.00930729	0.00499403	0.00481457	7.11912e-14	0.959413	4.31197e-11	3.17313e-12	0.0164408	0.00490014	3.4526e-06	3.94758e-05	2.95231e-12	4.46499e-08	2.01628e-11	1.38452e-09	2.0469e-20	6.22964e-10	2.63959e-20	1.49039e-16	8.74243e-05	
0.0136702	0.00120283	0.967008	2.82685e-09	0.00236118	5.56521e-13	4.92057e-09	0.00677139	0.00897566	5.41895e-10	2.5579e-06	1.52262e-06	5.81728e-30	9.68142e-26	2.93913e-22	8.96631e-10	1.82949e-08	6.96799e-06	6.05416e-15	1.15649e-09	
0.019918	0.0424914	0.00368509	7.7244e-08	0.848168	4.14447e-12	1.02202e-31	0.0807236	0.00501352	4.47616e-21	2.07845e-12	1.13591e-10	2.05866e-13	5.03757e-10	2.11084e-50	1.71283e-47	4.83534e-10	6.2922e-08	1.00326e-40	1.30782e-57	
0.144026	0.0248944	0.181335	1.3917e-09	0.275836	6.4497e-10	1.40965e-43	0.156682	0.216282	1.11299e-27	1.55306e-37	6.45594e-06	0.000936718	4.6742e-27	2.49885e-07	9.52351e-27	4.68354e-10	1.55553e-18	1.86305e-06	2.81459e-08	
0.149408	0.00748521	0.573411	1.64922e-29	0.0808572	2.99533e-05	4.04636e-09	0.0730241	0.115783	4.7811e-07	3.24615e-07	1.78316e-12	4.03553e-13	1.26825e-08	2.18289e-14	1.75989e-13	1.50775e-23	1.35422e-18	3.24329e-12	1.79429e-08	
0.0468288	0.0684083	0.0109006	1.41905e-14	1.09627e-05	1.15008e-27	5.81516e-10	0.873606	0.000227833	1.23191e-19	1.41917e-09	1.48509e-19	1.70808e-15	5.81437e-08	4.30697e-54	7.93421e-12	1.06599e-27	6.40464e-18	6.39289e-22	1.78938e-05	
0.484206	0.00351462	0.215743	1.03537e-05	0.0376373	2.73499e-13	3.70928e-05	0.136412	0.12241	3.97041e-13	2.0807e-19	2.97153e-05	3.73365e-08	2.52386e-15	3.13091e-16	7.3705e-13	9.1265e-27	5.59016e-10	6.1412e-23	5.59323e-08	
0.203419	0.0292423	0.0953901	8.59121e-10	0.477732	3.5716e-28	9.9562e-05	0.148975	0.045097	4.5427e-05	2.02604e-11	2.12476e-24	4.90421e-13	1.37963e-15	2.14938e-101	2.98286e-13	3.7724e-13	2.62024e-36	4.38482e-21	3.89215e-16	
0.158504	0.00535116	0.362356	3.43959e-14	0.0358181	3.35723e-15	1.10399e-07	0.0138283	0.423941	3.16255e-07	3.48133e-06	6.21637e-31	9.93071e-06	3.47059e-10	6.9608e-24	0.000179609	8.86803e-06	1.61203e-08	2.75077e-13	9.53473e-28	
0.0102404	0.00244921	0.00664062	0.000133052	0.003771	3.45394e-08	1.51973e-22	0.00582677	0.970939	3.72034e-26	2.12037e-21	1.10752e-08	6.40487e-13	1.34007e-27	1.49807e-17	8.97987e-12	1.06918e-17	3.86684e-21	3.17046e-15	3.47719e-14	
0.0666162	2.81379e-08	0.732115	3.77002e-15	0.0112751	2.46864e-15	5.63874e-14	0.0566822	0.133078	7.50085e-05	5.47036e-63	1.08009e-07	3.02325e-05	3.09794e-13	9.30622e-10	1.98579e-31	9.06043e-08	2.06017e-14	0.000127713	4.36566e-19	
0.119217	0.00171119	0.630944	5.89785e-16	0.0325337	1.90659e-07	0.000224949	0.0175935	0.197679	5.8369e-05	4.90625e-11	1.08238e-20	4.61598e-14	1.74262e-18	2.9448e-23	4.12326e-06	9.99899e-18	5.16999e-20	1.96212e-14	3.35437e-05	
0.00776402	0.00850401	0.000206182	4.32507e-07	0.0832403	5.7109e-08	4.79663e-06	0.894709	0.00551456	4.04457e-13	1.61565e-14	1.70397e-27	1.09478e-08	8.92487e-26	2.66589e-16	8.63591e-32	1.11359e-15	9.15835e-36	5.66387e-05	7.33106e-20	
0.31096	0.0114971	0.271011	1.12134e-09	0.0593235	8.55191e-32	1.3459e-20	0.121295	0.225913	5.84078e-07	3.99176e-20	6.96996e-20	1.98433e-13	1.65613e-23	1.96544e-10	5.72286e-14	6.81864e-11	7.6987e-19	1.01158e-13	1.18907e-07	
0.475133	0.257677	0.0046436	1.03699e-26	0.0792052	1.22686e-23	2.59991e-26	0.177368	0.00547447	1.08281e-31	1.0181e-55	3.62221e-61	3.64307e-16	0.000499177	1.70683e-14	6.02985e-14	4.98448e-21	1.26098e-12	2.24953e-10	1.49357e-24	
0.221317	0.0175889	0.232352	4.24168e-09	0.0208871	3.44403e-11	1.05902e-12	0.436998	0.0703641	5.88341e-22	1.26534e-09	1.48191e-13	1.63219e-07	3.9467e-05	2.22286e-44	0.000450514	7.58759e-39	2.69542e-19	6.78086e-21	1.94419e-06	
0.376496	0.017015	0.534166	3.30823e-55	0.00220108	3.37916e-13	1.36629e-35	0.052997	0.0167257	1.90258e-15	1.06407e-29	1.89263e-12	7.39564e-39	2.93544e-11	5.83784e-19	5.36296e-10	1.38667e-06	3.69865e-13	0.000397996	2.97685e-27	
0.348129	0.000595524	0.320813	7.5519e-27	0.016528	2.68296e-06	5.25711e-15	0.044383	0.269549	7.76174e-09	4.91641e-11	9.86552e-11	8.85519e-12	1.08787e-11	4.43065e-07	3.03188e-14	3.14726e-19	6.82048e-09	3.04591e-07	1.44409e-11	
0.105934	0.274356	0.089783	3.10547e-58	0.0771824	2.23814e-10	0.00138448	0.359494	0.0902188	8.95462e-07	5.85194e-10	1.53748e-45	1.70674e-26	3.75721e-06	2.63176e-26	2.1169e-09	6.55174e-08	2.05237e-14	8.41787e-11	0.00164276	
0.16676	0.0394094	0.0776025	2.58531e-09	0.142773	5.15773e-14	8.62846e-21	0.44732	0.126133	1.38651e-07	7.13404e-07	1.89036e-08	9.39181e-07	1.52359e-17	3.32576e-17	5.96936e-11	5.78464e-13	2.8757e-26	1.37041e-10	2.42868e-28	
0.0983008	0.0113047	0.0568355	7.28068e-10	0.0301605	2.4903e-24	1.1898e-05	0.0692872	0.734069	2.12259e-20	2.71647e-05	3.12825e-08	1.31163e-22	1.87047e-09	2.75748e-06	4.15534e-08	3.30168e-11	2.68848e-37	7.40118e-07	2.58002e-14	
0.311084	0.00582625	0.603095	3.99717e-11	0.00130344	5.23047e-13	3.00753e-24	0.002886	0.074358	9.02016e-35	1.30092e-20	0.000265161	2.45352e-12	2.55884e-08	3.17803e-14	8.18959e-09	1.2242e-21	1.31048e-28	0.00118231	2.20182e-21	
0.307991	4.46336e-05	0.119931	7.28306e-36	0.00953531	2.90008e-25	1.07093e-07	0.0106655	0.551309	7.9328e-10	0.000199441	1.32595e-09	4.89932e-51	5.63472e-33	4.34735e-10	2.89829e-23	0.000323538	2.18009e-21	1.37768e-06	3.4097e-09	
0.316869	0.0101404	0.464073	1.26815e-41	0.0367087	3.64909e-08	6.79718e-07	0.0417108	0.130496	5.12691e-08	2.57129e-31	4.28411e-15	9.48404e-34	2.10183e-15	5.76867e-49	1.01143e-66	4.59546e-09	6.82939e-41	1.50857e-06	1.56259e-26	
0.525971	0.0121395	0.127296	2.24657e-14	0.0814166	2.69861e-12	1.77721e-38	0.0561047	0.197034	3.06214e-18	1.43402e-25	7.23909e-25	1.78546e-10	2.3936e-06	2.22614e-77	4.71177e-38	4.37907e-13	7.59226e-27	3.60971e-05	1.04596e-07	
0.211469	0.00108703	0.415643	7.54413e-16	0.016871	2.48273e-28	7.83378e-29	0.120085	0.234828	3.23676e-18	7.88876e-07	7.20938e-18	1.32497e-24	3.82063e-16	1.23119e-14	1.33902e-19	9.59404e-28	7.7568e-25	9.52056e-08	1.54988e-05	
0.057372	0.0174187	0.0298785	5.11066e-07	0.0444576	1.53399e-12	5.95133e-11	0.779773	0.0710517	1.0908e-24	5.05882e-19	1.01005e-11	7.60734e-17	2.79997e-12	3.09362e-15	6.871e-11	1.49925e-14	7.15881e-20	3.36792e-06	4.46802e-05	
0.659092	0.00294089	0.282807	2.41678e-12	0.0173562	1.6395e-59	2.90067e-11	0.015099	0.0224956	7.01606e-09	1.38288e-09	3.17691e-11	3.27491e-14	0.000210057	2.48792e-26	5.55301e-22	1.3157e-16	2.12152e-23	3.0883e-19	7.96488e-15	
0.0556152	0.0342215	0.0189986	1.34266e-09	0.18947	4.74459e-09	2.22168e-09	0.694687	0.00700587	7.59928e-07	2.14154e-12	1.40153e-17	7.65772e-27	1.05097e-15	2.06752e-17	3.70263e-11	1.32436e-13	1.29747e-06	3.57567e-07	4.30238e-08	
0.82191	9.49154e-08	0.127484	2.79403e-08	0.00965532	5.37196e-14	1.94762e-34	0.0370902	0.00328921	3.83686e-11	2.18152e-06	3.9502e-05	1.14811e-49	5.89585e-17	1.14324e-56	3.8431e-13	5.91694e-12	1.82205e-11	1.71309e-12	0.000529915	
0.191163	0.0596173	0.10119	4.34424e-41	0.0914829	1.98992e-05	2.01022e-07	0.224659	0.331859	1.52571e-09	1.09604e-22	1.15313e-17	3.15324e-24	5.79002e-06	2.33761e-101	1.5917e-06	2.97689e-43	9.89749e-15	5.12692e-17	2.30783e-09	
0.0927017	0.0127775	0.331692	3.78783e-58	0.0559628	0.00220338	0.00011052	0.332906	0.171612	5.92494e-16	3.55868e-12	7.73054e-06	5.4193e-14	2.29238e-20	1.49778e-22	3.9208e-35	2.68475e-22	2.09071e-39	1.6553e-06	2.46248e-05	
0.00705455	0.964134	0.00429705	1.63676e-10	0.0110029	3.81085e-16	0.000151557	0.0100495	0.00330438	5.86953e-09	2.66855e-12	3.6837e-18	4.4479e-11	4.52206e-17	8.21329e-23	2.55213e-15	4.76305e-06	3.1446e-09	1.16773e-06	1.39038e-10	
0.717827	0.0360302	0.102076	5.13763e-19	0.0583271	1.11068e-18	1.61565e-34	0.0695394	0.0160165	2.09498e-16	2.85164e-29	6.96692e-08	1.98554e-43	0.000183602	8.72374e-56	4.7056e-60	5.78158e-101	1.79665e-23	2.30354e-15	7.43558e-32	
0.390179	0.174642	0.0990717	2.36687e-06	0.0721625	0.00773453	2.91603e-10	0.249306	0.00108079	7.51793e-25	7.42291e-26	2.14067e-19	0.00207146	0.00363906	1.20033e-32	4.02877e-48	3.75037e-05	1.0689e-15	1.28285e-19	7.28679e-05	
0.179051	0.00823222	0.160499	6.81247e-21	0.0365868	2.77311e-24	0.000820672	0.284623	0.330009	3.11983e-31	1.00769e-05	6.93794e-12	1.2699e-15	7.66524e-16	0.000121399	1.56928e-31	2.41128e-21	4.86791e-54	4.69103e-05	1.15606e-09	
0.58059	0.00815495	0.0034718	1.7591e-34	0.0651877	4.17627e-21	8.90159e-15	0.188388	0.154207	3.71873e-48	1.91365e-28	9.6559e-41	3.5542e-52	2.82073e-09	4.98937e-15	6.36695e-07	1.94015e-33	4.01285e-18	1.20318e-55	1.49066e-07	
0.185016	0.0208045	0.313665	4.951e-29	0.0918401	5.94921e-08	9.0912e-19	0.0837242	0.304929	4.48025e-08	2.53791e-08	8.43166e-08	9.96158e-10	2.07293e-05	4.54665e-40	9.88216e-56	1.14559e-33	8.84689e-19	7.11951e-09	1.20101e-09	
0.649843	0.000625033	0.185599	1.32025e-50	0.0105631	1.12606e-30	1.0295e-22	0.00518532	0.147971	4.90099e-12	9.17497e-18	6.97342e-19	0.000209415	2.89764e-11	8.35001e-13	5.63963e-47	6.81642e-17	3.94642e-06	3.71103e-07	5.04919e-16	
0.130982	0.00350166	0.0788407	8.60284e-51	0.109651	9.20676e-38	1.46968e-21	0.100975	0.576027	5.10877e-39	1.69327e-17	2.22989e-05	2.78534e-11	8.03947e-14	2.41132e-15	4.67302e-38	1.58233e-14	3.22845e-29	7.69165e-19	7.12664e-40	
0.0284699	0.0132855	0.234528	2.97534e-28	0.699249	7.39753e-16	2.17789e-07	0.000133653	0.0242917	2.69318e-101	1.28526e-10	2.20211e-11	1.28354e-22	7.63991e-42	8.53072e-13	4.514e-07	4.08897e-05	6.01267e-12	8.56332e-07	1.04831e-11	
0.279594	0.280715	0.0119056	5.22708e-46	0.00696473	5.06936e-08	8.38403e-19	0.414692	0.00562127	0.00043226	4.97502e-24	5.06788e-14	1.48683e-14	4.5018e-39	1.77091e-47	7.34793e-63	3.54413e-31	2.56754e-05	4.79896e-05	1.07217e-06	
0.660141	0.124407	0.123864	8.2931e-25	0.00311027	6.05343e-27	5.97884e-14	0.0649261	0.0234494	1.05289e-32	5.62086e-09	2.35106e-14	7.746e-17	4.48943e-08	1.29211e-16	8.07454e-12	2.8074e-06	1.40587e-24	1.11911e-10	9.94665e-05	
0.555311	0.0325802	0.208278	0.0117865	0.1463	0.00487075	0.000210305	0.000718553	0.0399179	8.15424e-32	8.60218e-16	1.14981e-16	1.10046e-101	8.14932e-101	5.45585e-11	1.05447e-58	2.36077e-05	7.99931e-15	2.76596e-06	3.20714e-44	
0.124881	0.00282056	0.251708	2.59581e-11	0.0242986	1.77635e-05	1.9307e-06	0.102273	0.493896	5.74092e-47	1.41839e-13	3.64417e-16	1.42633e-06	1.4011e-19	0.000101952	4.54702e-10	5.85272e-20	8.554e-15	1.21838e-33	3.19989e-07	
0.115157	0.723749	0.000211587	1.87815e-26	0.0123633	1.27268e-20	5.47356e-08	0.141428	0.00672546	0.000295581	3.55447e-12	1.0979e-07	1.03452e-30	1.086e-20	1.63451e-27	8.16286e-11	5.34401e-20	2.05558e-28	1.48272e-24	7.09444e-05	
0.220764	0.0377949	0.0604144	2.93713e-07	0.08189	3.87265e-13	6.96388e-09	0.595415	0.00330665	7.9857e-19	0.000401629	7.03536e-06	5.75302e-07	1.34177e-06	4.44055e-06	1.55406e-18	6.66483e-13	2.20688e-13	6.94565e-23	1.75709e-15	
0.029257	0.00247412	0.862999	1.43868e-09	0.0379394	1.55988e-17	6.30813e-09	0.0139041	0.0530714	6.20262e-11	3.93822e-07	1.64715e-12	6.78213e-39	1.34105e-22	2.83362e-08	2.28391e-12	0.000354531	5.17045e-17	8.57904e-34	5.83728e-14	
0.184183	0.025352	0.0676263	4.16971e-09	0.131244	9.36809e-32	4.3586e-31	0.559908	0.0295885	1.09847e-12	2.62579e-05	1.83008e-06	1.26945e-28	0.00206957	1.04768e-07	4.88102e-37	1.01236e-12	6.56027e-25	4.61111e-07	1.12595e-17	
0.233982	0.137888	0.157093	2.69369e-05	0.101047	4.43227e-13	0.000892296	0.344372	0.0242874	1.32133e-16	2.79091e-09	8.6317e-43	3.43817e-10	1.50972e-20	0.000409335	8.06168e-76	7.65201e-14	4.80608e-16	1.91889e-06	5.50993e-14	
0.443895	0.00200703	0.267777	3.6654e-72	0.199431	8.05401e-07	5.28766e-26	0.0295426	0.0569912	2.57642e-47	1.31857e-44	2.27994e-24	2.76837e-28	9.43622e-57	6.0297e-27	1.18311e-13	2.13164e-13	8.35966e-16	0.000355503	1.1833e-14	
0.167617	0.056112	0.0181013	0.000365812	0.0211109	1.66492e-23	9.26573e-26	0.44821	0.288407	7.37773e-05	1.13822e-10	1.6425e-08	1.81525e-08	1.51129e-06	2.18543e-54	1.31442e-18	9.20495e-35	6.13854e-28	4.86825e-34	2.16683e-35	
0.134333	0.0122271	0.802709	6.2723e-22	0.00803486	0.00017957	2.8085e-07	0.0151718	0.0273051	5.4252e-17	1.38239e-15	2.26444e-08	1.3152e-06	7.42487e-16	1.4598e-10	1.40133e-06	3.47359e-11	2.93183e-05	6.38456e-28	7.03855e-06	
0.0264423	0.0228822	0.00105424	2.42769e-05	0.600299	4.25832e-09	1.12213e-09	0.340106	0.00900589	8.18398e-18	2.83424e-16	3.20125e-07	1.09486e-08	1.25975e-09	1.45256e-24	3.24576e-101	3.22612e-40	3.95882e-09	3.69999e-05	0.000148567	
0.0341873	2.09266e-05	0.0267218	6.0142e-22	0.00314469	1.42114e-06	7.65499e-07	0.15264	0.783278	2.00023e-06	9.32966e-14	2.0596e-34	2.75181e-06	4.66571e-07	5.74423e-30	3.91417e-08	4.74805e-19	3.47758e-13	3.15676e-12	1.37819e-26	
0.328387	0.149702	0.0626082	6.22745e-05	0.210956	0.00074608	9.3546e-23	0.142689	0.104848	1.79009e-12	1.31403e-12	2.81321e-13	5.0959e-14	2.51312e-06	1.88201e-34	1.22793e-43	4.61087e-08	4.27546e-08	7.18178e-15	2.16033e-25	
0.187562	0.567483	0.156117	9.1174e-10	0.00342494	6.99088e-06	1.60874e-24	0.0838859	0.000649874	1.91531e-07	3.50696e-23	0.000493495	1.67102e-09	0.000312267	3.41646e-23	1.06315e-13	3.75717e-30	7.8511e-19	5.67683e-07	6.41119e-05	
0.460441	0.000438479	0.0720035	6.48074e-54	0.0393826	4.90231e-22	1.18935e-08	0.299822	0.127721	4.61522e-09	6.32747e-22	0.000190535	6.80202e-21	1.43365e-12	4.25933e-29	1.53232e-25	6.74424e-07	9.41371e-16	9.54421e-21	7.28179e-13	
0.0982664	0.040615	0.473785	2.60665e-30	0.234032	4.05939e-07	2.8998e-21	0.0378472	0.115386	3.71391e-12	1.80497e-10	4.81215e-06	2.00225e-32	9.04856e-11	6.37113e-05	2.55778e-07	1.19558e-09	2.86607e-24	2.16897e-29	4.31671e-52	
0.175316	0.00763994	0.00886382	1.58543e-05	0.00291618	2.81464e-13	1.1556e-11	0.803939	3.08906e-07	7.32331e-17	0.00066464	5.02924e-12	2.74609e-16	0.000643282	4.65018e-35	5.39397e-20	1.80856e-25	9.26645e-11	3.11441e-07	1.67856e-13	
0.0388072	0.0413724	0.0154515	3.91986e-27	0.354413	6.05574e-05	1.26162e-14	0.249735	0.300109	4.14663e-23	1.21652e-08	3.92982e-05	2.21143e-20	2.15025e-08	2.19603e-09	2.61312e-25	1.91398e-07	4.77973e-20	2.3749e-82	1.19317e-05	
0.204392	0.0643494	0.0283513	4.38649e-06	0.0499972	1.48617e-27	0.00119757	0.61945	0.0322433	1.43305e-13	8.39713e-09	9.44243e-17	1.65072e-06	8.54938e-06	2.36232e-08	7.28387e-25	4.00624e-06	1.48751e-25	2.00801e-39	1.32994e-19	
0.171737	0.0224612	0.100772	2.09332e-31	0.0290887	1.43304e-07	7.1353e-41	0.539122	0.13668	4.23602e-09	5.34966e-10	1.22725e-15	5.52403e-12	4.78873e-46	2.6144e-05	6.47041e-06	0.000105611	5.905e-08	9.49867e-13	3.24389e-20	
0.548821	0.0208908	0.0322944	1.80702e-35	0.00243318	2.32937e-07	0.000188183	0.365144	0.0293477	2.34291e-21	6.78007e-23	1.13687e-29	7.5422e-23	1.06306e-07	2.43975e-11	1.2108e-10	2.07627e-58	0.000880708	1.04035e-13	9.08005e-14	
0.111022	0.0538489	0.0246583	5.61785e-08	0.408904	1.66506e-10	0.000750902	0.315972	0.0843651	1.88265e-12	1.31473e-31	0.000474338	3.0132e-19	6.6859e-34	1.36756e-41	1.99837e-16	8.4116e-14	5.71252e-19	1.20262e-36	4.96389e-06	
0.640763	0.115952	0.170329	2.44316e-36	0.0290004	0.0002166	2.62436e-40	0.0272219	0.0153048	0.00117535	1.05524e-06	9.38798e-13	1.06799e-08	3.52128e-05	3.30929e-09	8.27023e-35	1.19484e-07	2.15627e-14	1.41413e-11	5.94418e-10	
0.343917	0.348477	0.215339	4.4209e-11	0.00766617	4.68574e-08	1.8079e-15	0.00929103	0.0189651	4.7981e-25	4.00898e-15	4.0405e-15	9.86988e-66	0.0563451	1.12725e-75	3.66169e-49	4.01884e-22	4.17551e-25	2.88778e-18	6.41935e-74	
0.00576606	0.767877	0.0105045	3.27339e-10	0.111538	0.000161292	9.23266e-09	0.0689219	0.0345099	6.40053e-33	5.85031e-08	1.67572e-07	1.45978e-07	1.00464e-29	2.85437e-26	0.000499074	7.14501e-15	2.34718e-05	1.35013e-29	0.000198437	
0.537926	0.0571549	0.0882891	1.65984e-46	0.0104251	1.81543e-07	5.7741e-05	0.167798	0.136197	5.21068e-21	1.71819e-10	1.60908e-35	1.30527e-28	4.6909e-07	6.12462e-69	3.30777e-33	0.00214011	1.22673e-05	1.97178e-07	4.55967e-36	
0.0546584	0.246461	0.0130801	1.60911e-45	0.188342	4.31363e-13	1.84581e-11	0.443575	0.0537672	4.90413e-29	1.28275e-24	8.43396e-17	4.84988e-06	8.50664e-11	4.8538e-50	2.03675e-17	6.68067e-09	3.21611e-06	3.84412e-09	0.000108649	
0.680883	0.000616299	0.108952	7.56152e-05	0.00831724	2.62628e-10	2.55616e-21	0.125755	0.0753997	2.22377e-13	9.0646e-27	2.70396e-12	9.64599e-07	9.79349e-15	7.70807e-47	3.6286e-49	1.86419e-26	1.00563e-10	2.56846e-16	3.4879e-20	
0.121547	0.000177095	0.357988	3.19926e-18	0.015732	5.56717e-17	3.52347e-05	0.44904	0.0529664	2.53334e-27	3.02053e-32	3.46281e-07	3.0815e-15	0.000597779	1.6543e-05	8.78144e-54	0.00186899	1.88503e-13	1.75053e-22	3.0262e-05	
0.773257	0.053527	0.0479114	6.02003e-08	0.0126335	1.91551e-07	5.33668e-05	0.108171	0.00283973	0.000183513	1.86267e-67	8.83941e-07	8.4891e-11	7.07846e-14	1.89544e-13	0.00138894	5.83395e-12	3.34463e-05	5.05217e-22	2.46034e-16	
0.291065	0.0047569	0.0790487	5.05713e-49	0.0202253	4.46346e-17	7.08096e-62	0.460732	0.140938	2.4666e-31	0.00309556	0.000138527	1.10427e-50	1.96935e-12	1.66977e-24	6.75587e-44	1.82804e-09	2.0718e-49	1.07018e-15	7.52679e-16	
0.0349789	0.000736418	0.0101765	8.08869e-43	0.783623	5.57852e-35	1.59866e-16	0.170132	0.000292376	2.18512e-05	3.01092e-18	2.87588e-12	1.22882e-10	1.67379e-12	7.01095e-13	2.30917e-24	1.10248e-09	3.98707e-48	3.83274e-05	1.28238e-10	
0.222408	0.0198733	0.239792	5.42013e-21	0.242174	4.85925e-29	6.98423e-16	0.239642	0.0360636	4.70991e-05	2.44756e-10	2.33539e-20	1.10852e-20	2.69712e-08	8.29998e-24	3.83472e-21	9.57618e-22	1.72786e-13	6.77256e-47	1.18723e-07	
0.0934777	0.0489391	0.0286265	3.18836e-18	0.0966709	1.24985e-10	9.17414e-32	0.671919	0.0597182	4.55191e-25	1.91347e-08	3.10348e-05	9.52792e-76	7.04425e-08	8.18682e-48	6.11611e-58	1.39275e-05	8.74226e-08	0.000603367	1.07422e-07	
0.735943	0.176891	0.0220814	6.64458e-33	0.0161633	2.25367e-09	1.26366e-17	0.0479853	0.000913083	3.19085e-16	3.77891e-32	2.29992e-05	1.6781e-26	1.34725e-18	5.11926e-18	3.7433e-29	6.43761e-54	1.32957e-27	5.58313e-09	2.24491e-07	
0.125154	0.0108676	0.365069	2.94536e-15	0.201233	1.14708e-07	1.22951e-48	0.000467041	0.296849	0.000360726	6.25508e-24	1.62011e-07	2.08153e-10	1.37696e-11	5.26058e-09	2.82245e-26	8.83838e-10	3.06985e-27	2.16227e-11	1.04981e-09	
0.254032	0.000206868	0.213901	7.23775e-30	0.320129	9.75019e-33	3.11196e-41	0.0406586	0.168704	1.35884e-13	0.00236851	1.48841e-09	7.67797e-41	9.51656e-39	1.77713e-26	5.09788e-43	4.58447e-29	2.3872e-17	2.03471e-30	1.92509e-07	
0.0212309	0.00250119	0.0663117	2.28773e-13	0.102899	1.00635e-13	2.32769e-07	0.527829	0.277654	6.40638e-40	1.22248e-13	3.80505e-19	0.00147811	2.43704e-22	1.18674e-26	2.78473e-55	5.11337e-11	9.52516e-05	1.83984e-58	6.23011e-16	
0.0452672	0.00390699	0.154074	2.20662e-22	0.248766	9.12707e-10	0.00104681	0.307095	0.239836	1.49906e-08	1.3737e-50	2.0091e-23	1.51731e-08	3.96315e-14	2.04748e-08	1.81977e-15	2.66345e-29	8.17912e-39	1.33155e-09	7.78103e-06	
0.289559	0.0887185	0.0172862	2.59422e-10	0.38757	1.60244e-26	3.40291e-08	0.18064	0.0352771	2.30617e-23	2.91068e-24	1.99929e-07	1.09165e-06	1.45848e-24	9.86314e-06	6.58682e-19	2.13434e-31	1.29096e-67	4.65728e-21	0.000938314	
0.096779	0.118739	0.00536515	1.99705e-10	0.182871	4.83079e-21	0.00077417	0.584696	0.00575412	5.73654e-50	2.26972e-17	8.38246e-10	9.74366e-26	6.79425e-07	1.05211e-37	9.89558e-05	7.85343e-21	1.08984e-17	0.00492149	2.35135e-07	
0.107631	0.100799	0.137346	1.99014e-41	0.476105	1.57117e-20	2.56409e-13	0.151869	0.025309	2.24418e-14	4.45951e-07	1.42801e-12	3.77696e-21	6.63847e-30	1.17215e-14	5.44749e-12	1.77351e-07	0.000716626	0.00022302	1.05508e-22	
0.279312	0.0344416	0.192015	1.33164e-12	0.151078	1.04527e-14	3.87482e-20	0.328066	0.014981	8.36903e-63	5.58089e-20	1.99416e-11	1.00034e-06	3.72989e-06	1.02594e-08	6.96042e-08	9.98576e-05	6.25448e-08	3.66959e-09	1.21006e-06	
0.315639	0.128235	0.287845	1.95881e-49	0.0661648	0.000147636	2.87498e-09	0.00475442	0.170273	8.75811e-05	4.93629e-08	8.51187e-08	0.0261197	1.2031e-05	7.14794e-09	4.39773e-08	0.000720966	1.72858e-06	3.62508e-16	4.13894e-11	
0.063759	0.00846091	0.143062	2.05842e-82	0.341926	0.00392348	1.26483e-05	0.296759	0.00273678	0.0897698	5.11299e-07	2.42745e-59	7.8041e-19	2.72755e-34	3.28614e-42	4.13904e-45	3.10863e-07	0.0495894	1.96429e-25	2.68487e-20	
0.388307	0.0242356	0.0292116	6.23417e-19	0.13245	1.4477e-06	0.00012669	0.420689	0.00497828	1.08505e-16	6.44265e-22	4.42301e-16	2.09639e-43	2.77448e-21	1.70141e-40	1.50827e-08	3.66313e-24	1.56514e-36	5.88612e-25	3.73554e-22	
0.0979808	0.22418	0.139107	5.90587e-19	0.243859	1.00298e-22	1.27249e-05	0.162223	0.116717	0.0109029	2.41595e-17	8.08477e-23	0.00266691	1.18473e-46	5.26821e-48	2.00456e-101	2.69768e-18	2.15037e-15	0.00234978	6.9704e-16	
0.0512588	0.0427528	0.0421732	2.84077e-27	0.0894939	6.49761e-36	1.19279e-19	0.379734	0.391143	0.00322986	4.8436e-40	5.82739e-15	5.66443e-31	9.48748e-71	3.55958e-18	6.05027e-05	5.36851e-14	0.000154072	2.11953e-30	4.76537e-09	
0.00751276	0.0003601	0.0246381	3.77412e-05	0.282827	1.35745e-15	9.79891e-26	0.672206	0.0124167	6.9956e-08	1.24142e-32	1.1969e-10	3.32593e-30	6.66432e-07	1.94286e-20	6.46158e-27	5.10599e-17	4.14302e-39	2.92797e-08	2.70917e-18	
0.024307	0.0116734	0.0695234	9.69673e-32	0.132697	2.04171e-06	9.46199e-09	0.0121548	0.749601	2.31418e-18	2.6163e-34	1.21664e-12	1.21188e-05	2.88795e-05	4.50421e-101	2.19804e-32	4.00921e-41	5.23673e-14	7.26067e-09	1.82677e-13	
0.276746	0.000138384	0.00690589	4.88081e-20	0.348885	3.3559e-35	0.000877108	0.12283	0.243614	5.48788e-19	1.70058e-22	6.91878e-28	2.47476e-14	3.38251e-31	2.49038e-06	4.29168e-14	2.99094e-16	2.23691e-101	1.26669e-14	4.7046e-07	
0.05349	0.355894	0.0306126	1.52113e-10	0.302613	0.0236759	2.26406e-15	0.00856593	0.225148	1.00697e-17	3.61749e-13	4.87379e-11	1.17569e-24	1.15346e-31	6.00047e-18	1.4775e-56	1.20765e-31	2.34394e-16	6.17702e-10	1.24923e-17	
0.0379091	0.0376978	0.32185	0.0877122	0.0411007	2.12957e-17	2.89697e-05	0.262566	0.141282	0.00132127	1.44242e-31	0.0677689	1.98441e-17	5.16138e-25	0.000642026	2.11941e-05	3.14431e-11	8.64553e-05	1.52905e-09	1.31815e-05	
0.264889	0.00615419	0.0734882	7.18318e-25	0.0813653	1.74731e-64	1.16733e-07	0.437668	0.136431	4.38761e-06	9.78329e-75	9.35784e-24	2.54389e-28	8.62156e-12	1.85842e-26	2.21551e-61	4.28413e-10	2.87145e-19	4.51706e-10	1.07691e-29	
0.255397	0.0178162	0.421557	2.89896e-08	0.209597	4.15531e-12	7.22756e-15	0.0112522	0.0820884	8.03754e-14	2.78561e-17	8.94209e-11	1.77855e-25	0.00229231	3.03578e-23	4.23003e-74	5.36661e-15	1.63645e-21	4.93803e-15	1.00401e-24	
0.329148	0.0073415	0.103428	0.0128625	0.369453	1.13182e-20	5.94671e-20	0.0206699	0.152061	2.42842e-08	3.96868e-63	4.3022e-26	1.66809e-08	1.4907e-05	0.00502039	8.15305e-36	2.14063e-10	9.45764e-07	4.99161e-12	2.07738e-14	
0.717428	0.0627233	0.00701985	0.00346819	0.00453076	0.0162142	9.15653e-08	0.139356	0.0492547	8.6998e-15	3.31749e-11	4.62167e-21	5.3344e-07	2.83255e-06	2.77077e-99	3.56756e-19	9.47124e-07	3.63927e-29	1.04875e-25	1.39798e-16	
0.0750652	0.0367898	0.177472	1.06934e-49	0.23259	0.00245909	8.97732e-07	0.437076	0.0384856	2.10718e-62	1.80516e-33	8.83303e-12	2.65666e-41	2.75611e-38	1.19847e-48	1.35431e-38	5.87346e-05	2.32586e-06	2.04121e-08	1.75799e-17	
0.0802168	0.495806	0.0239473	4.87299e-58	0.0264138	2.25501e-11	0.00025754	0.373074	0.000284699	3.52951e-20	2.10709e-37	1.17922e-16	4.5277e-25	1.12789e-11	1.262e-08	4.75809e-08	1.299e-11	1.03708e-34	1.60637e-24	1.55661e-44	
0.229628	0.000490954	0.162258	5.53527e-26	0.334109	2.70612e-13	3.93154e-21	0.0127196	0.225094	5.01377e-20	0.0146036	4.79158e-07	7.16299e-16	6.55981e-71	7.60129e-20	7.61884e-11	7.04182e-14	0.00128591	0.0198108	2.56188e-22	
0.0555896	1.04025e-06	0.238217	6.6003e-16	0.262561	3.9442e-15	2.63385e-28	0.134664	0.308963	2.31643e-20	7.75198e-55	3.81064e-20	4.40906e-63	1.35126e-11	1.16586e-96	3.55795e-66	2.45749e-27	1.52079e-49	3.49236e-06	7.58282e-08	
0.329302	0.545201	0.0857012	1.71088e-26	0.0233237	2.62087e-06	5.18213e-08	0.000959815	0.0146133	1.76763e-19	2.76156e-57	2.24698e-24	5.75682e-38	0.000561677	1.15485e-45	1.13167e-05	5.19093e-27	7.9683e-27	6.93414e-15	0.000323234	
0.571664	0.0195387	0.0907077	7.2831e-38	0.173037	0.000306875	0.000651151	0.0867957	0.0572942	1.07797e-38	2.13406e-20	1.09186e-06	1.71844e-11	2.43268e-06	5.09866e-12	5.61699e-24	4.47527e-12	5.88787e-25	6.35398e-07	1.27774e-08	
0.0644584	0.0164175	0.0671293	0.00484853	0.577188	0.238849	1.74695e-15	0.00990137	0.0142116	1.12817e-06	0.00677341	7.50695e-15	8.49079e-05	0.000137079	2.06761e-47	2.92926e-26	2.6044e-31	2.38927e-20	1.46035e-21	3.84875e-14	
0.684208	0.00654407	0.0383396	8.1368e-40	0.0579733	3.53443e-14	6.24843e-18	0.211418	0.00135831	3.85579e-14	6.99097e-14	6.29394e-37	5.90542e-05	1.2871e-08	1.23732e-17	1.10886e-47	6.91452e-11	3.87835e-22	1.11962e-12	9.91785e-05	
0.238791	0.276955	0.182293	1.28661e-40	0.0981394	4.07983e-10	0.00228549	0.0482446	0.153284	2.79016e-10	2.35911e-06	2.17255e-14	1.26611e-20	2.22478e-08	8.27844e-50	3.51585e-30	4.91952e-06	1.48585e-26	9.46487e-28	3.22949e-12	
0.185934	0.0168976	0.0112821	2.2708e-21	0.660788	2.59825e-20	4.74656e-11	0.0282189	0.0927868	1.35715e-21	9.4563e-28	3.95064e-09	8.71299e-23	7.82873e-14	8.5395e-82	7.40112e-39	2.98281e-38	0.000327043	1.35941e-13	0.00376602	
0.150946	0.269104	0.164796	1.23681e-32	0.0317578	2.37992e-10	0.00156601	0.381122	0.000609055	9.61294e-12	9.5147e-05	3.70943e-14	1.28197e-42	1.86134e-08	2.97491e-65	3.39077e-06	6.77214e-12	3.04231e-23	3.64112e-08	3.4093e-08	
0.104008	0.0513578	0.630064	1.33115e-07	0.0104127	0.00917337	1.80565e-10	0.0962121	0.0960827	6.48074e-06	5.78739e-07	0.000296896	4.98967e-25	7.49863e-20	1.14276e-29	0.0018915	6.76086e-27	3.26122e-18	0.000115913	0.00037761	
0.269607	0.0290725	0.400851	0.0204168	0.227003	4.90256e-11	2.51761e-07	3.31513e-05	0.00116539	7.36455e-16	6.24586e-08	0.000199924	0.0468086	2.31921e-21	1.42353e-25	3.45058e-101	3.46329e-06	5.37908e-18	7.20566e-06	0.00483152	
0.86498	0.00865136	0.0413174	1.2588e-56	0.0433887	1.62341e-07	9.97349e-05	0.0204156	0.0169857	3.58423e-14	2.0539e-23	8.2789e-07	6.00913e-15	1.33343e-08	3.79403e-24	7.68199e-11	8.3169e-05	3.19855e-26	0.00407695	9.70613e-11	
0.665404	0.117994	0.00589422	0.0130613	0.0410715	3.6944e-11	2.83745e-37	0.142003	0.0059944	4.85648e-05	5.91155e-88	4.02387e-20	1.6242e-30	6.75584e-09	2.5389e-19	3.19007e-26	0.00563057	4.14345e-16	0.00289789	2.0082e-09	
0.0533985	0.400948	0.202181	3.4262e-14	0.312968	4.1155e-43	1.25889e-06	0.0225709	0.00789107	6.0534e-07	1.8321e-08	9.20561e-53	6.42769e-27	5.21251e-46	1.52298e-52	7.30572e-23	5.68807e-44	1.66561e-05	2.47246e-05	9.94939e-17	
