CATGTRSBDP
1	1000	1000
1
1.8
0	0
0	0
WhelanD20_AA_mod_transform-01_states-06.phy
4
0
Universal

0
0
0
None
0
10	0
0
((Eunicella_verrucosa:0.0966392395112477,((((Saccoglossus_kowalevskii:0.0804236121507465,Strongylocentrotus_purpuratus:0.113127830036312):0.0135043462143819,((((Capitella_teleta:0.0935507410777164,Lottia_gigantea:0.0940981530730309):0.00759938220059227,(Hemithiris_psittacea:0.0891662584306118,Tubulanus_polymorphus:0.0898603712576506):0.00831820021369392):0.0161660312766533,(Priapulus_caudatus:0.10543853532822,(Lithobius_forficatus:0.0773269667650014,(Daphnia_pulex:0.106544963882829,Drosophila_melanogaster:0.165249584648591):0.0273389443279975):0.0221334674967771):0.00635932743343823):0.0107602074040446,((Homo_sapiens:0.0458025574124062,Danio_rerio:0.041261994449626):0.0210794636728414,Petromyzon_marinus:0.0750799685239038):0.0517291281345771):0.00230125150166424):0.0250095208469725,(Trichoplax_adhaerens:0.204153984626659,((((((Beroe_abyssicola:0.0392718519337525,((Mertensiidae_sp:0.0108499531173951,Bolinopsis_infundibulum:0.01456853490858):0.0235033743169285,Mnemiopsis_leidyi:0.0308897384941778):0.00488003685785101):0.00654415450435508,Dryodora_glandiformis:0.0463795370061294):0.00847290409157134,(Pleurobrachia_bachei:0.046827141385071,Pleurobrachia_atlantica:0.00218893489372049):0.0685113548119041):0.0139346239967455,(Vallicula_sp:0.0337960512488808,Coeloplana_astericola:0.0475082723654801):0.0375816110457147):0.0332938295584734,Euplokamis_dunlapae:0.0680935079689854):0.302451312144197,(((Salpingoeca_rosetta:0.363461509318004,Monosiga_ovata:0.300330166693765):0.153360906114059,((Capsaspora_owczarzaki:0.228351682767067,Ministeria_vibrans:0.301535537645791):0.0285487942963723,((Sphaeroforma_arctica:0.226106255546794,Amoebidium_parasiticum:0.101849403225085):0.10987507051107,((Allomyces_macrogynus:0.326656596412022,(Rhizopus_oryzae:0.153776383391735,Mortierella_verticillata:0.126516430677295):0.0341274609715544):0.0162316199770567,Spizellomyces_punctatus:0.157064809437371):0.186756539575776):0.0199892052726927):0.0311407809059284):0.10086430468601,(((Corticium_candelabrum:0.115705098614896,Oscarella_carmela:0.0960906334892722):0.0578986965634293,(Sycon_coactum:0.0382438314648823,Sycon_ciliatum:0.0262809642485868):0.181060729387282):0.0112177444644346,((Hyalonema_populiferum:0.172885395773131,(Aphrocallistes_vastus:0.0469867730363974,(Sympagella_nux:0.0221326275201659,Rossella_fibulata:0.0245211200654594):0.0331683230941327):0.0612089609653511):0.222159612746925,((Ircinia_fasciculata:0.112501229555944,Chondrilla_nucula:0.140929389576324):0.0215682207316021,((Petrosia_ficiformis:0.0563343980619034,Amphimedon_queenslandica:0.0954734203121824):0.0443193453725977,((Spongilla_alba:0.0341371694598622,Ephydatia_muelleri:0.0157243625650602):0.0793627478463236,((((Kirkpatrickia_variolosa:0.0217043986216706,Crella_elegans:0.0357052713188632):0.0131765047304283,Latrunculia_apicalis:0.0340085166102876):0.0355970621797815,Tethya_wilhelma:0.0564709035652455):0.00654491299221473,Pseudospongosorites_suberitoides:0.0599279127988463):0.0279062480706774):0.014138487231014):0.0278832982030696):0.0299340015902697):0.0268751104288928):0.00791079401207351):0.00760773117164144):0.00420321922449061):0.00489447936648849):0.01823837056267,((Aurelia_aurita:0.0663858277193415,Periphylla_periphylla:0.0576153922794683):0.0130217403697101,(((Hydra_vulgaris:0.00792878641733085,Hydra_oligactis:0.0109946891452692):0.0113477326464142,Hydra_viridissima:0.0183985000306781):0.0506086676853867,(((Craseoa_lathetica:0.0217304502726429,Abylopsis_tetragona:0.0427561995677308):0.0132454785948386,(Nanomia_bijuga:0.0288430190399028,Agalma_elegans:0.0193826202495031):0.0130962540388182):0.0143735517371372,Physalia_physalis:0.038427712830549):0.0264005724722244):0.0558895746902333):0.0457791860881228):0.0112389957193932):0.0252741419411176,(Platygyra_carnosa:0.212122027799784,Acropora_digitifera:0.0255080097006852):0.0347889539708923,(Nematostella_vectensis:0.047807411470858,((Aiptasia_pallida:0.0347616610471151,Hormathia_digitata:0.0210564536331521):0.00520615360083414,Bolocera_tuediae:0.0331410820021287):0.0155826495423555):0.0235973645173214);
((Eunicella_verrucosa:0.0966392395112477,((((Saccoglossus_kowalevskii:0.0804236121507465,Strongylocentrotus_purpuratus:0.113127830036312):0.0135043462143819,((((Capitella_teleta:0.0935507410777164,Lottia_gigantea:0.0940981530730309):0.00759938220059227,(Hemithiris_psittacea:0.0891662584306118,Tubulanus_polymorphus:0.0898603712576506):0.00831820021369392):0.0161660312766533,(Priapulus_caudatus:0.10543853532822,(Lithobius_forficatus:0.0773269667650014,(Daphnia_pulex:0.106544963882829,Drosophila_melanogaster:0.165249584648591):0.0273389443279975):0.0221334674967771):0.00635932743343823):0.0107602074040446,((Homo_sapiens:0.0458025574124062,Danio_rerio:0.041261994449626):0.0210794636728414,Petromyzon_marinus:0.0750799685239038):0.0517291281345771):0.00230125150166424):0.0250095208469725,(Trichoplax_adhaerens:0.204153984626659,((((((Beroe_abyssicola:0.0392718519337525,((Mertensiidae_sp:0.0108499531173951,Bolinopsis_infundibulum:0.01456853490858):0.0235033743169285,Mnemiopsis_leidyi:0.0308897384941778):0.00488003685785101):0.00654415450435508,Dryodora_glandiformis:0.0463795370061294):0.00847290409157134,(Pleurobrachia_bachei:0.046827141385071,Pleurobrachia_atlantica:0.00218893489372049):0.0685113548119041):0.0139346239967455,(Vallicula_sp:0.0337960512488808,Coeloplana_astericola:0.0475082723654801):0.0375816110457147):0.0332938295584734,Euplokamis_dunlapae:0.0680935079689854):0.302451312144197,(((Salpingoeca_rosetta:0.363461509318004,Monosiga_ovata:0.300330166693765):0.153360906114059,((Capsaspora_owczarzaki:0.228351682767067,Ministeria_vibrans:0.301535537645791):0.0285487942963723,((Sphaeroforma_arctica:0.226106255546794,Amoebidium_parasiticum:0.101849403225085):0.10987507051107,((Allomyces_macrogynus:0.326656596412022,(Rhizopus_oryzae:0.153776383391735,Mortierella_verticillata:0.126516430677295):0.0341274609715544):0.0162316199770567,Spizellomyces_punctatus:0.157064809437371):0.186756539575776):0.0199892052726927):0.0311407809059284):0.10086430468601,(((Corticium_candelabrum:0.115705098614896,Oscarella_carmela:0.0960906334892722):0.0578986965634293,(Sycon_coactum:0.0382438314648823,Sycon_ciliatum:0.0262809642485868):0.181060729387282):0.0112177444644346,((Hyalonema_populiferum:0.172885395773131,(Aphrocallistes_vastus:0.0469867730363974,(Sympagella_nux:0.0221326275201659,Rossella_fibulata:0.0245211200654594):0.0331683230941327):0.0612089609653511):0.222159612746925,((Ircinia_fasciculata:0.112501229555944,Chondrilla_nucula:0.140929389576324):0.0215682207316021,((Petrosia_ficiformis:0.0563343980619034,Amphimedon_queenslandica:0.0954734203121824):0.0443193453725977,((Spongilla_alba:0.0341371694598622,Ephydatia_muelleri:0.0157243625650602):0.0793627478463236,((((Kirkpatrickia_variolosa:0.0217043986216706,Crella_elegans:0.0357052713188632):0.0131765047304283,Latrunculia_apicalis:0.0340085166102876):0.0355970621797815,Tethya_wilhelma:0.0564709035652455):0.00654491299221473,Pseudospongosorites_suberitoides:0.0599279127988463):0.0279062480706774):0.014138487231014):0.0278832982030696):0.0299340015902697):0.0268751104288928):0.00791079401207351):0.00760773117164144):0.00420321922449061):0.00489447936648849):0.01823837056267,((Aurelia_aurita:0.0663858277193415,Periphylla_periphylla:0.0576153922794683):0.0130217403697101,(((Hydra_vulgaris:0.00792878641733085,Hydra_oligactis:0.0109946891452692):0.0113477326464142,Hydra_viridissima:0.0183985000306781):0.0506086676853867,(((Craseoa_lathetica:0.0217304502726429,Abylopsis_tetragona:0.0427561995677308):0.0132454785948386,(Nanomia_bijuga:0.0288430190399028,Agalma_elegans:0.0193826202495031):0.0130962540388182):0.0143735517371372,Physalia_physalis:0.038427712830549):0.0264005724722244):0.0558895746902333):0.0457791860881228):0.0112389957193932):0.0252741419411176,(Platygyra_carnosa:0.212122027799784,Acropora_digitifera:0.0255080097006852):0.0347889539708923,(Nematostella_vectensis:0.047807411470858,((Aiptasia_pallida:0.0347616610471151,Hormathia_digitata:0.0210564536331521):0.00520615360083414,Bolocera_tuediae:0.0331410820021287):0.0155826495423555):0.0235973645173214);
1
14.5356
1.46809
5000
32.4344
0.0226939	0.0362047	0.0294739	0.963516	0.0236839	0.0253453	0.0255582	0.0257999	0.0224181	0.0250521	0.0235323	0.674723	0.0332833	0.840429	0.470048	0.646219	0.0290192	0.0231223	0.511612	0.0206301	

0.598838	0.926475	0.143163	2.11857	0.364351	0.829742	1.44567	0.84784	0.86232	0.392294	0.260035	2.13246	0.0619747	0.407221	1.39349	1.81199	1.12547	0.111762	0.401314	2.21455	0.100665	0.592383	0.329925	0.0627213	0.162608	1.03441	1.36094	0.963018	0.132792	0.810508	0.254492	0.23275	0.481428	1.20981	6.20501	0.0716868	0.345483	0.271846	1.57969	0.135153	0.551887	0.751594	1.08643	0.611597	1.81814	0.509504	1.59877	0.86379	0.477447	0.0961734	0.693576	0.18725	0.16202	1.38407	0.120333	0.654372	0.0893474	0.95731	0.0928048	1.1557	0.204448	4.79178	0.535141	7.53052	7.18994	6.39936	0.639325	0.160889	5.32697	0.550339	0.473124	1.17074	0.0230764	0.67645	2.53397	1.04679	0.475336	0.88372	0.0450867	0.184559	0.354045	0.0112364	1.01637	0.131027	0.570982	1.10392	3.99368	0.380013	0.753679	2.03382	0.170345	2.16766	0.309988	0.14546	0.0246401	0.125314	1.85729	0.0542339	0.245734	2.04579	0.487382	1.32507	0.913591	0.703372	0.604594	0.494895	2.1169	0.424015	5.24512	0.529597	0.112735	0.0694658	1.10169	0.868197	2.04314	0.315462	0.428998	2.03307	0.0770336	0.254459	0.343721	0.725625	1.18938	0.27814	3.98319	0.0369882	0.279171	3.32649	1.22142	0.854193	0.340923	0.998412	0.141903	1.64662	3.43753	3.24404	0.0437343	4.88343	0.117645	0.16927	0.276482	0.509218	1.02773	0.397961	4.74839	0.63959	0.0886974	0.193502	0.136234	0.660952	1.582	3.00393	1.39016	8.44506	0.18601	4.5017	7.17959	5.40041	0.221952	0.866986	6.63711	0.369692	0.308245	0.799047	0.230913	3.11235	0.386945	0.0597864	1.73486	2.84973	6.94848	0.152129	1.44407	4.8192	0.0858573	3.77515	0.681614	0.0955356	1.76703	0.0947666	0.125879	0.0987625	2.61149	0.206141	1.63949	0.124243	0.73109	0.450104	2.78312	0.1254	

5.01583e-10	8.0932e-10	9.48618e-13	0.00598917	1.05337e-24	3.23516e-07	1.03073e-13	6.96692e-13	6.16211e-07	5.25243e-22	2.28488e-25	0.00661201	3.93746e-06	0.00788123	0.96642	0.00827777	3.66665e-08	1.94541e-05	0.00438507	0.000410542	
2.88452e-38	2.26514e-19	4.5594e-23	0.243996	2.50943e-23	4.13407e-06	2.36487e-36	1.13611e-06	0.000239823	1.79944e-08	1.02638e-08	0.02985	1.52317e-13	0.181132	0.0699304	0.15327	1.74603e-17	4.10485e-12	0.321551	2.48784e-05	
4.04992e-33	2.43753e-08	1.66773e-10	0.316545	2.44931e-30	4.80476e-12	2.13575e-07	3.31154e-27	1.29987e-21	1.94948e-08	2.20951e-28	0.0422951	1.04663e-08	0.1379	0.0203575	0.0348662	7.39549e-21	4.46429e-28	0.448036	2.58647e-17	
1.82376e-05	1.74482e-13	5.38589e-08	0.0816622	7.69953e-30	2.04661e-28	4.6688e-14	2.78135e-06	5.30915e-26	1.0818e-29	1.84751e-10	0.0026081	2.79457e-18	0.00529555	0.873743	0.0127657	7.34092e-12	1.29628e-08	0.0239046	3.39276e-83	
0.000244305	3.67162e-23	2.00001e-14	0.0558172	1.53056e-07	1.22981e-06	9.86048e-19	8.15556e-13	2.72325e-23	7.28558e-10	8.49227e-11	0.13807	3.4442e-12	0.0997949	0.133681	0.569553	0.000873754	5.25474e-06	0.0019587	2.37059e-33	
1.19792e-21	4.2916e-05	1.86799e-07	0.00494852	6.3238e-11	1.63209e-08	8.31923e-20	2.19993e-08	2.12087e-17	9.8899e-11	3.40061e-26	0.00349361	3.34096e-17	0.967381	0.00711451	0.0148561	4.0257e-16	8.42232e-06	0.00215488	4.41329e-17	
6.11509e-09	1.22052e-15	7.22228e-12	0.226018	2.42536e-12	3.93681e-12	4.95001e-18	5.56629e-28	2.05812e-10	5.63063e-05	8.14024e-07	0.0777912	5.95444e-05	0.0677973	0.0633324	0.356075	9.95695e-08	7.95873e-05	0.20879	1.23155e-33	
1.54603e-07	1.88129e-05	2.28401e-06	0.0329976	7.48121e-05	9.51817e-28	2.42757e-23	2.0772e-44	4.65929e-25	5.64661e-24	0.00190827	0.50154	2.57881e-05	0.0469761	0.36733	0.0327486	2.32233e-19	4.03054e-30	0.0163776	7.79418e-14	
2.17046e-18	1.07775e-15	2.14078e-29	0.959163	1.05327e-16	1.04519e-11	3.81193e-08	3.5799e-07	3.25085e-08	1.42121e-12	3.97341e-15	0.0042395	9.45706e-05	0.0138336	0.0034964	0.0190753	6.42136e-09	1.05698e-07	7.90734e-05	1.80297e-05	
1.2234e-39	3.02954e-06	8.99576e-16	0.0191425	1.10336e-40	2.16286e-13	3.12345e-28	5.38728e-21	2.06121e-11	6.3727e-16	0.000723924	0.144245	1.93151e-13	0.0535536	0.56603	0.195642	1.37007e-06	2.65925e-05	0.0206324	1.36076e-20	
4.69014e-18	3.44538e-27	2.63454e-33	0.0499374	8.59932e-10	4.04644e-11	2.17299e-31	3.63307e-12	1.24316e-16	1.26018e-21	1.85161e-32	0.215523	1.36238e-38	0.137593	0.451232	0.11319	1.64518e-27	1.19273e-10	0.0325256	1.21099e-11	
5.09836e-10	1.2773e-18	6.0823e-10	0.200825	7.2103e-20	1.03883e-11	1.10608e-08	2.61039e-13	1.45356e-12	6.4009e-11	2.42359e-07	0.162239	1.1964e-09	0.257661	0.151003	0.193577	6.27276e-07	2.13048e-17	0.0346934	3.10701e-21	
1.14712e-31	1.04085e-08	2.96606e-49	0.285217	4.33444e-56	8.06048e-09	1.63182e-45	4.25405e-21	1.0568e-27	5.69599e-18	1.67975e-16	0.0338798	4.42047e-06	0.0416069	0.57163	0.0612042	4.4424e-06	1.25467e-41	0.00645322	1.19307e-19	
1.47613e-33	9.34267e-12	3.01443e-30	0.23482	1.09345e-20	3.40033e-08	2.33808e-13	1.78192e-07	9.94582e-13	6.53056e-05	9.01574e-10	0.0223213	2.77668e-08	0.580028	0.00290407	0.0212213	2.94071e-15	2.13766e-14	0.13864	1.75836e-23	
0.000250447	8.59998e-06	1.36347e-63	0.333224	6.69107e-33	1.45413e-05	6.34247e-62	5.13514e-06	0.000147348	1.93606e-09	4.04079e-08	0.0859408	4.64278e-07	0.274432	0.0234224	0.071663	3.95664e-91	7.02354e-11	0.210891	6.34746e-33	
1.7172e-10	1.99732e-07	1.52447e-67	0.244889	1.0328e-63	1.96559e-12	2.50277e-20	2.54245e-05	1.85212e-17	8.42968e-33	0.000918394	0.199381	1.00888e-13	0.112119	0.0761764	0.101942	1.4052e-14	1.54081e-28	0.264549	6.24679e-11	
3.92345e-23	2.85023e-12	1.10405e-28	0.790995	1.71926e-05	6.4763e-12	6.09849e-08	1.95442e-15	4.29e-06	3.97996e-23	5.73108e-22	0.00525731	4.15069e-20	0.0182936	0.165901	0.0128363	1.54148e-06	3.7737e-26	0.0066942	3.80882e-15	
5.8074e-31	9.37627e-07	1.18077e-09	0.0834676	2.40373e-05	2.40343e-15	9.85453e-26	4.7696e-21	6.40581e-32	7.87104e-12	6.20739e-07	0.00991506	0.000221756	0.863456	0.00156934	0.0272394	1.27388e-16	1.33582e-14	0.014073	3.22894e-05	
0.000145591	9.08484e-07	2.89391e-05	0.00684911	1.21231e-28	1.525e-07	3.46379e-12	6.7213e-06	2.10656e-21	0.000372958	8.25724e-11	0.957235	3.21028e-06	0.00818753	0.0130653	0.0126733	0.000500081	5.10901e-27	0.000931666	7.54823e-15	
4.13506e-41	7.68597e-09	1.28596e-29	0.130754	2.05248e-21	2.34108e-23	1.58482e-05	1.27007e-14	2.21442e-05	1.36386e-05	1.01378e-45	0.239493	4.46303e-11	0.206153	0.103892	0.294844	2.38237e-28	3.28256e-23	0.0248125	6.6663e-11	
6.85181e-08	1.43022e-09	3.78829e-10	0.186473	2.14343e-16	9.60294e-15	1.77564e-05	1.07372e-06	1.37797e-05	6.60358e-49	3.09378e-10	0.0182698	1.6743e-28	0.022726	0.569861	0.164057	1.35315e-07	5.81983e-07	0.0385793	3.86496e-21	
1.04904e-21	2.17972e-22	2.87901e-15	0.0224705	0.00124333	1.21292e-19	6.66092e-27	3.60113e-20	3.79327e-20	1.49582e-49	1.27078e-38	0.0464066	7.40978e-09	0.0275835	0.0542487	0.838718	1.31761e-48	8.46791e-11	0.00932952	4.58767e-10	
2.1105e-14	4.16344e-08	1.11428e-13	0.250471	3.4833e-05	1.39129e-08	2.61331e-09	9.58842e-20	1.47367e-08	8.20784e-62	2.38015e-05	0.128626	7.27058e-05	0.192615	0.119418	0.168638	1.61086e-06	6.97013e-05	0.140029	7.53903e-11	
6.53199e-05	5.04744e-07	4.34931e-29	0.166302	6.17985e-14	1.55355e-19	2.17924e-12	3.41777e-48	6.75314e-07	1.09548e-13	4.85013e-08	0.0836668	4.72e-16	0.191796	0.116016	0.413844	6.4194e-23	1.44348e-50	0.0283087	6.95188e-17	
2.07679e-20	1.94603e-19	3.32977e-15	0.241284	6.36217e-23	3.92413e-20	1.33489e-14	1.58876e-34	2.21409e-08	4.48338e-05	1.26161e-52	0.143267	7.77196e-12	0.163793	0.0446589	0.353085	2.17832e-14	9.53015e-16	0.0538657	2.58849e-06	
2.05074e-62	6.0402e-12	7.65048e-26	0.0675536	1.09179e-33	3.47508e-22	5.05299e-26	9.67556e-08	1.56003e-24	1.27923e-13	3.66058e-05	0.0386473	9.88891e-13	0.103566	0.137068	0.551782	4.21987e-49	4.07666e-34	0.101052	0.000295119	
8.90825e-08	3.12092e-29	5.80376e-11	0.042534	3.45463e-09	2.77949e-16	3.58526e-11	9.93373e-07	2.66803e-10	2.41957e-05	5.14522e-26	0.0529621	9.27487e-05	0.0271555	0.0141147	0.0222503	1.19158e-13	6.80381e-10	0.840865	1.03685e-22	
5.14311e-27	6.99039e-06	0.000554877	0.127952	1.4148e-14	1.86073e-12	2.0643e-07	7.62715e-12	7.7062e-23	1.57734e-08	3.65552e-22	0.333035	3.90604e-13	0.180505	0.228541	0.106391	3.1004e-12	1.06235e-17	0.0230133	8.04835e-29	
1.78513e-10	1.30197e-06	8.05196e-16	0.186326	2.37688e-76	7.61881e-16	7.27929e-09	4.18733e-06	5.26647e-46	2.13953e-06	5.02405e-06	0.140145	0.00020252	0.116442	0.220806	0.293146	2.67008e-13	1.23002e-17	0.0429205	5.53231e-70	
6.13364e-08	1.24305e-13	5.3479e-21	0.172364	1.64919e-10	2.23461e-10	5.62754e-22	6.1677e-11	3.81542e-17	6.64024e-34	4.48414e-12	0.0986196	8.70731e-40	0.0753008	0.0204529	0.0845554	4.4258e-08	7.39288e-11	0.548707	2.38536e-24	
3.3398e-32	4.03681e-11	4.4521e-38	0.400293	5.36586e-05	1.54277e-30	0.000870465	4.86178e-36	6.33242e-23	2.40281e-32	1.954e-11	0.0761568	1.92943e-24	0.278903	0.00718203	0.0159857	3.52269e-11	5.79435e-07	0.220555	1.70855e-14	
3.2624e-20	8.08127e-32	8.63171e-09	0.0799873	5.729e-22	7.63646e-26	1.44124e-30	2.00471e-05	3.73309e-06	8.94531e-08	4.70146e-06	0.0705842	1.34728e-05	0.463945	0.086471	0.262306	6.92295e-13	1.5537e-05	0.0366479	7.24087e-07	
6.65362e-13	4.51372e-21	0.000716673	0.0929268	1.91084e-17	1.18651e-06	6.41196e-11	7.86038e-20	2.5382e-07	1.55451e-93	1.95641e-09	0.0294951	2.13789e-10	0.100285	0.00186874	0.0244472	6.82848e-06	2.25347e-16	0.750252	2.54646e-16	
2.24935e-11	1.7255e-26	4.51593e-26	0.0106822	3.2127e-17	5.96022e-07	2.42515e-11	2.93171e-10	6.83766e-28	4.07468e-12	3.04059e-21	0.00336028	3.26297e-14	0.00852035	0.00448873	0.968566	6.85584e-14	1.75474e-10	0.00438152	3.73642e-12	
5.99921e-19	1.35139e-23	7.85428e-07	0.402175	2.40226e-101	8.54065e-22	2.181e-13	4.21055e-77	8.49808e-29	1.50509e-15	2.4392e-72	0.0397571	8.00478e-38	0.119319	0.1235	0.0685971	1.84352e-21	3.80404e-10	0.246652	3.20415e-21	
1.22162e-23	0.000197207	1.30771e-14	0.371027	2.73656e-26	1.01593e-19	5.80708e-09	2.23611e-08	1.45844e-09	3.14969e-08	7.62641e-09	0.114721	6.9609e-14	0.29836	0.0727549	0.0981731	4.67456e-20	1.00995e-16	0.0447667	2.6129e-12	
6.09599e-13	3.16132e-14	0.000822281	0.458764	2.68562e-11	4.25672e-10	0.000134985	0.000146467	2.54199e-13	3.63574e-06	4.67809e-12	0.110755	0.00141406	0.0606	0.220255	0.135243	3.69787e-11	3.94892e-31	0.0118618	2.91083e-48	
2.14185e-21	1.0431e-40	3.21577e-36	0.0806464	3.45007e-22	9.26281e-10	0.000245623	4.22402e-11	4.21736e-15	2.44072e-10	3.56056e-09	0.185749	1.47837e-23	0.394526	0.192538	0.143775	9.70872e-17	3.01744e-41	0.00252012	3.97152e-09	
4.08262e-16	3.17757e-05	1.18787e-20	0.0238162	1.71312e-26	1.60775e-09	3.23536e-13	4.2243e-16	1.01571e-07	4.58568e-28	1.64247e-24	0.0100889	1.59067e-21	0.781355	0.0142313	0.163141	2.75953e-15	2.38676e-07	0.00733455	1.45089e-06	
2.33402e-13	3.22644e-06	9.70409e-07	0.495449	5.36576e-43	9.25141e-13	1.95913e-17	8.95541e-22	2.32186e-05	1.6003e-06	4.37416e-24	0.149517	2.90815e-20	0.0684879	0.0152037	0.0154599	1.02887e-18	6.97058e-12	0.255854	2.51179e-09	
2.48212e-15	0.000470324	3.43098e-14	0.0695054	1.42511e-09	3.45999e-38	2.21469e-31	4.44499e-05	2.6002e-41	5.14894e-53	0.000220657	0.351776	9.04022e-25	0.0838961	0.317423	0.17663	2.43747e-26	4.11079e-11	3.34672e-05	1.71428e-11	
6.00286e-38	3.06027e-11	9.89584e-19	0.0642657	5.71048e-06	3.82854e-12	2.64009e-18	2.14753e-20	1.27462e-41	8.56182e-19	3.30789e-18	0.0383994	2.62098e-22	0.176285	0.012708	0.668611	3.91823e-06	2.10538e-19	0.0397207	2.88173e-28	
3.93592e-28	8.43957e-08	2.16994e-14	0.0189317	8.2238e-31	6.8318e-15	7.97011e-06	0.000483033	1.43106e-10	4.82386e-13	1.8736e-20	0.00483493	5.29386e-06	0.0071459	0.0109804	0.00977112	3.82036e-18	8.27108e-10	0.94784	1.92244e-12	
4.3913e-25	4.50757e-14	5.50996e-13	0.226084	1.0155e-05	6.0821e-11	4.53615e-20	6.37351e-15	6.07659e-41	7.81326e-05	1.98778e-34	0.036031	3.1165e-34	0.0357932	0.0196256	0.00531194	2.3762e-12	1.9043e-05	0.677047	2.76105e-20	
1.34679e-17	8.70584e-11	6.48891e-17	0.14691	1.81723e-21	3.78776e-29	4.88147e-12	9.65719e-22	2.70148e-23	9.81749e-05	3.3153e-41	0.114058	5.55624e-05	0.154461	0.218321	0.231347	8.92272e-08	1.09581e-09	0.13475	1.07464e-22	
2.20045e-09	0.00708446	2.02568e-12	0.481325	1.18764e-14	8.39773e-67	1.25562e-16	1.34308e-10	6.3127e-35	1.67097e-23	2.28068e-37	0.0198181	2.63694e-07	0.141752	0.00732727	0.0243242	3.55023e-06	1.32556e-46	0.314715	0.00365042	
1.44843e-13	0.000595514	1.58251e-07	0.950432	1.88501e-18	2.65905e-08	3.06472e-28	5.28307e-07	5.37201e-47	8.2264e-22	6.40232e-21	0.00504125	2.11199e-12	0.00274563	0.0207324	0.00266278	3.486e-20	1.48358e-15	0.0177899	2.81878e-32	
6.01336e-05	6.68534e-67	2.99353e-11	0.154272	3.50498e-28	3.89915e-21	8.94494e-47	1.00431e-41	1.3601e-36	6.18716e-16	4.69321e-25	0.0684672	1.57952e-12	0.149367	0.152344	0.132505	6.4479e-39	0.000348521	0.342636	2.46077e-08	
1.40976e-14	8.47903e-08	2.86932e-15	0.0224866	9.80282e-16	1.17477e-25	2.83006e-11	4.3859e-08	9.97238e-05	3.77219e-26	4.51571e-13	0.00292161	6.95717e-13	0.0586615	0.00137424	0.90849	3.49098e-11	1.87879e-08	0.00596583	1.87315e-24	
3.05481e-76	2.79188e-16	6.39723e-10	0.0938248	6.74037e-12	6.38463e-50	8.16912e-20	3.0342e-35	8.28522e-35	1.07627e-07	1.54844e-48	0.31085	7.30343e-48	0.180584	0.150292	0.152942	1.00316e-20	5.44626e-17	0.111508	6.72938e-07	
4.10787e-12	2.20728e-35	1.27792e-14	0.35696	1.43008e-19	3.23159e-14	8.78511e-24	1.63233e-40	1.26923e-37	1.95286e-20	1.03654e-08	0.000183395	1.31209e-06	0.00892886	0.576961	0.0238128	1.74342e-09	9.1277e-06	0.0331437	4.66057e-14	
1.94268e-13	6.75311e-27	7.52379e-09	0.407667	2.62245e-08	2.66297e-26	5.95661e-23	3.93107e-24	2.19445e-17	9.10134e-09	4.22541e-19	0.0839821	1.3513e-10	0.0953903	0.243955	0.152555	6.63933e-09	1.96669e-10	0.0163984	5.23043e-05	
0.02105	2.817e-08	8.03065e-17	0.0174107	3.39527e-43	6.25537e-09	4.89308e-20	1.70478e-64	2.18626e-17	3.08533e-17	2.62003e-07	0.27188	1.34636e-10	0.436701	0.0299058	0.0350785	8.59809e-62	3.48181e-08	0.187973	1.63481e-24	
3.01045e-05	1.15229e-42	1.86327e-35	0.0973669	1.42941e-10	1.7335e-19	1.73651e-38	2.52454e-73	3.18532e-64	4.04517e-06	2.77081e-13	0.0835806	3.67474e-20	0.383548	0.0133375	0.396024	9.13525e-08	2.78417e-11	0.0261089	2.13866e-28	
0.00018405	1.28098e-06	7.97877e-10	0.148758	7.53092e-25	3.69033e-18	1.66904e-10	1.81238e-06	8.47074e-07	3.09997e-75	1.1723e-14	0.427503	5.18215e-13	0.02937	0.0873934	0.300658	1.66919e-12	0.00137238	0.00475727	8.70672e-56	
1.71724e-16	6.74168e-17	6.49674e-29	0.0524547	3.98963e-69	1.16496e-10	1.31769e-05	3.54792e-29	3.95653e-34	1.95554e-14	1.87135e-27	0.580587	9.40934e-08	0.0880669	0.163257	0.105317	2.02455e-13	1.47722e-12	0.0103046	1.12635e-53	
2.04701e-27	4.16377e-22	4.83073e-08	0.181811	6.69031e-14	3.37731e-27	1.3671e-07	4.86526e-52	1.65008e-38	1.70576e-33	5.4486e-09	0.316587	2.35514e-15	0.131372	0.2197	0.110036	1.31763e-25	5.55982e-51	0.040494	2.2668e-11	
4.45357e-07	5.24888e-15	1.73853e-20	0.30294	1.59166e-10	4.41069e-07	1.56344e-12	7.09163e-19	9.09809e-19	1.62606e-06	2.79833e-06	0.193329	2.57901e-23	0.142876	0.144732	0.191615	5.21525e-13	1.31478e-05	0.0244573	3.17056e-05	
6.02514e-33	0.00141436	3.58782e-40	0.200633	1.12772e-38	5.44286e-26	9.59345e-20	2.34678e-19	1.11388e-47	1.21912e-12	1.87668e-25	0.0145422	6.05538e-21	0.092164	0.470379	0.217597	1.10322e-15	0.000384561	0.00288541	4.31005e-25	
0.000538	1.35065e-06	3.22989e-14	0.0778805	5.19521e-32	7.33701e-15	1.60881e-09	7.59313e-15	2.72964e-35	7.31278e-26	6.52948e-31	0.309431	3.71234e-13	0.0564448	0.356364	0.0568127	7.32721e-13	1.16546e-16	0.142457	6.98323e-05	
3.1099e-11	2.2264e-33	4.17042e-15	0.468363	1.4794e-28	4.45449e-63	1.69982e-05	8.55439e-11	9.56745e-10	8.99944e-11	4.16281e-10	0.166846	4.2511e-10	0.0880723	0.0426832	0.197996	1.1512e-30	1.67615e-12	0.0360157	6.27604e-06	
0.000256114	3.15174e-07	4.07952e-23	0.154091	5.01839e-27	7.44034e-07	3.74707e-27	3.52107e-13	3.54382e-22	5.77419e-15	9.73211e-16	0.0285855	6.48263e-15	0.0370684	0.00213657	0.00675889	4.30571e-10	2.53632e-21	0.771102	1.98259e-11	
1.10653e-71	3.12947e-26	2.1571e-19	0.176912	2.41645e-14	6.17685e-06	4.40301e-09	2.88519e-06	5.00871e-06	1.06603e-08	3.27843e-12	0.00561774	0.000218806	0.138064	0.0214479	0.0191401	9.57719e-15	0.000221827	0.638363	9.51608e-23	
7.68195e-07	2.22119e-07	1.74185e-11	0.0657232	6.70607e-17	3.49237e-08	4.09073e-45	2.99138e-20	1.29622e-19	6.29279e-07	3.79128e-16	0.0623566	1.817e-22	0.723801	0.0761437	0.0488031	1.90567e-30	6.92379e-13	0.0231704	1.5038e-16	
1.84051e-12	1.94722e-20	0.000152781	0.167294	3.3314e-10	3.52492e-21	3.12864e-15	2.86236e-31	1.26409e-06	5.01485e-05	2.38775e-09	0.0410266	1.21241e-22	0.0721229	0.441093	0.229717	3.71338e-10	8.32367e-17	0.0485429	1.36921e-22	
1.10501e-06	4.04449e-07	1.45476e-06	0.666644	6.46808e-71	2.93706e-33	8.26946e-08	9.26276e-12	1.07067e-20	3.42024e-11	5.75425e-15	0.0270613	2.35909e-17	0.137796	0.00115314	0.0103243	1.82569e-31	0.00252332	0.154495	1.8295e-11	
2.12767e-18	1.31809e-08	4.38305e-09	0.00595097	2.6058e-36	5.75676e-06	9.16582e-08	9.80975e-18	1.31124e-36	7.91118e-15	1.95115e-27	0.773584	2.55454e-25	0.0315906	0.159355	0.0248685	8.00459e-27	4.16679e-07	0.0046448	4.11991e-17	
1.18176e-16	5.24963e-07	2.39596e-33	0.113997	1.51958e-31	1.07992e-07	7.89098e-10	2.29396e-20	2.648e-45	1.51404e-36	7.11724e-05	0.0664283	1.81168e-05	0.0840289	0.711362	0.00931604	1.33164e-19	7.38005e-37	0.0144265	0.000350726	
4.53288e-07	6.50964e-16	8.67078e-26	0.19752	0.000617568	9.14934e-07	6.60503e-14	0.000314934	4.96195e-10	4.54814e-33	7.40754e-08	0.190946	5.73148e-25	0.113976	0.0173596	0.00170293	8.08298e-06	7.16356e-11	0.477553	4.61349e-41	
7.59742e-05	7.43679e-10	1.83329e-14	0.833506	2.27376e-28	1.1815e-35	7.34564e-07	0.000320489	2.52515e-34	4.71607e-17	4.59026e-08	0.0408574	1.12744e-06	0.0695045	0.0145408	0.0075369	7.30335e-18	1.88964e-12	0.0336557	6.85725e-11	
1.54409e-06	0.000724015	9.99372e-10	0.124252	1.63582e-08	5.54059e-06	5.07157e-24	9.11615e-09	9.80741e-22	9.58875e-38	1.12223e-06	0.124594	1.74528e-20	0.00713305	0.0135968	0.00415494	8.64026e-28	1.24983e-06	0.725536	1.71961e-27	
2.80697e-06	1.35968e-09	8.91497e-19	0.240663	7.73214e-19	2.10961e-18	3.10418e-12	3.20864e-30	1.41142e-42	2.42459e-11	8.91481e-06	0.0550891	1.80314e-08	0.293843	0.0283593	0.301573	1.11593e-29	1.25116e-05	0.0804488	8.12648e-15	
4.90679e-55	3.1063e-10	2.53378e-05	0.174406	6.34238e-20	6.38431e-09	6.51421e-18	6.6991e-12	1.22313e-28	4.03288e-16	3.4403e-36	0.0112115	1.07381e-07	0.494657	0.00138523	0.237517	8.44462e-15	4.52706e-13	0.0807968	1.10794e-22	
4.11303e-40	1.48985e-14	1.80598e-25	0.275552	4.78005e-15	8.09689e-24	4.06816e-29	0.00192036	1.84383e-44	7.07212e-29	0.00260896	0.0195911	1.08763e-16	0.0187467	0.37188	0.0298562	0.000524969	9.96155e-25	0.279267	5.21142e-05	
5.87762e-09	7.86422e-07	8.1383e-14	0.21354	4.89153e-33	3.80574e-05	7.65945e-17	1.03626e-20	3.88965e-09	2.9385e-07	1.35642e-07	0.134037	4.83911e-16	0.179378	0.340372	0.129336	3.84231e-30	2.29837e-13	0.00329495	1.98129e-06	
6.84317e-28	1.84019e-19	1.86022e-10	0.231006	1.34712e-05	3.10261e-09	2.43206e-10	3.1593e-33	3.89382e-06	1.63467e-31	4.1547e-08	0.0085269	1.73636e-29	0.0278755	0.00210825	0.72253	2.29388e-05	1.03784e-30	0.00791247	2.40065e-63	
1.82965e-72	2.93242e-28	5.77553e-29	0.322633	4.58987e-13	3.29714e-21	1.81759e-12	1.21087e-46	7.82287e-08	6.32526e-19	9.56614e-05	0.0795918	2.72769e-07	0.119235	0.152554	0.302426	1.40528e-13	4.89819e-22	0.0234635	1.03496e-12	
9.90006e-17	0.000763514	1.03422e-12	0.146594	2.90811e-08	5.74145e-29	1.05476e-08	4.0078e-18	5.48614e-24	1.06144e-16	5.00647e-07	0.158693	5.42293e-06	0.117376	0.311381	0.244117	1.55116e-08	6.30744e-25	0.0210202	4.80158e-05	
1.01952e-16	5.59041e-11	1.11514e-14	0.0858008	3.61249e-09	5.97871e-19	5.07213e-25	0.000104166	0.000307276	6.05688e-12	1.41594e-06	0.182702	0.00170065	0.148756	0.000296162	0.0668216	9.36145e-15	5.09665e-06	0.513504	4.80786e-12	
1.16151e-06	1.37338e-26	8.12524e-07	0.674077	7.35646e-13	0.000260357	8.34959e-41	8.14041e-11	1.27748e-21	5.33165e-49	3.95663e-53	0.00829014	4.16727e-13	0.0195096	0.0880802	0.0198762	4.69302e-38	7.04452e-07	0.189904	5.32276e-18	
1.30871e-19	3.07631e-06	1.51092e-18	0.455341	3.83959e-24	7.29411e-09	1.30508e-12	5.17959e-35	5.97283e-22	8.58135e-41	2.84819e-10	0.0626015	4.43975e-36	0.0821792	0.0323182	0.351598	2.57498e-19	6.28417e-22	0.0159587	2.82984e-28	
2.01474e-06	0.000163886	3.70922e-06	0.232576	2.77064e-06	1.88894e-07	1.74757e-05	6.14427e-18	1.43859e-16	1.58706e-28	1.62787e-21	0.192449	1.4224e-23	0.0479671	0.0268901	0.495523	5.10297e-16	6.35851e-05	0.00432038	2.0937e-05	
1.42681e-21	8.56958e-18	7.83713e-15	0.0069106	0.00041507	1.14989e-21	1.87726e-29	6.03113e-20	1.10953e-19	9.4233e-11	1.79253e-14	0.0636827	9.56207e-09	0.0417787	0.822977	0.0435675	2.03599e-14	9.34683e-20	0.0206236	4.47235e-05	
3.0125e-06	0.000585624	1.2067e-17	0.276322	4.46792e-34	3.43734e-53	9.28337e-09	9.02861e-06	2.54574e-09	8.56617e-07	1.60624e-15	0.158136	6.52858e-31	0.336484	0.146273	0.0636573	7.25234e-08	3.91049e-39	0.0185301	1.41615e-49	
5.5085e-05	6.78797e-31	1.09097e-43	0.0117615	7.39239e-07	3.16956e-23	2.33245e-13	1.50136e-17	4.5466e-07	1.77113e-15	1.06903e-20	0.275929	5.7309e-40	0.0296569	0.661073	0.0188145	6.63734e-05	4.88504e-29	0.00264209	7.16777e-22	
7.47024e-07	2.2679e-11	1.85789e-12	0.521943	1.73617e-06	1.94672e-37	6.77103e-17	7.31561e-05	0.000614297	4.02917e-39	6.32602e-35	0.0928202	3.35427e-18	0.11209	0.194423	0.0606838	5.89246e-14	6.88061e-11	0.0173494	3.17174e-36	
2.52385e-05	1.5426e-16	5.33881e-17	0.212856	8.95059e-23	7.72318e-81	5.33598e-22	3.1298e-15	3.06732e-06	4.98554e-37	3.36583e-06	0.445814	3.18402e-09	0.0819075	2.99871e-05	0.0200638	0.0024241	3.96126e-05	0.236834	1.13869e-59	
1.31682e-29	1.39634e-09	1.80918e-13	0.527531	2.05018e-26	8.88041e-27	1.88345e-09	6.05298e-08	2.1337e-11	8.594e-26	1.10891e-09	0.0333319	9.20058e-21	0.305279	0.00810738	0.071135	8.69662e-07	1.3272e-05	0.054601	8.3657e-30	
5.44606e-33	4.03842e-06	1.36154e-34	0.503897	9.7848e-06	2.33073e-07	1.57588e-20	4.50486e-14	0.00100269	0.00108824	1.89545e-35	0.0620985	2.381e-09	0.105059	0.0211094	0.218554	1.51466e-24	2.53306e-28	0.0871766	2.25414e-07	
9.47992e-12	0.000647488	1.35707e-20	0.538926	0.000127978	2.21549e-07	2.48552e-26	2.62407e-22	8.19756e-22	1.98472e-27	0.000133005	0.0365788	1.78484e-08	0.0499085	0.316256	0.0383902	1.58954e-06	1.54427e-07	0.0190299	2.79442e-30	
4.81567e-18	2.86978e-15	3.51672e-07	0.208412	1.77451e-18	3.02047e-22	1.53827e-20	5.05715e-09	5.6075e-18	8.89621e-13	2.34727e-06	0.0771021	1.46916e-07	0.310316	0.104002	0.143834	3.1866e-23	4.54555e-21	0.156331	2.23981e-101	
2.20756e-08	1.02497e-09	1.42427e-29	0.320076	4.67132e-19	1.25697e-08	1.93157e-16	1.38711e-17	1.56251e-23	3.08519e-52	1.22804e-23	0.0390909	1.40286e-11	0.237141	0.1505	0.250601	3.99897e-28	7.59439e-51	0.00258599	4.97296e-06	
2.01273e-13	1.12593e-06	2.1153e-10	0.0722841	5.29715e-06	2.72305e-20	1.28367e-18	2.64482e-05	3.21235e-12	9.43418e-10	7.79461e-55	0.0136505	4.0612e-14	0.0241516	0.760379	0.120325	2.03149e-50	6.84363e-11	0.00917652	1.53679e-15	
1.01374e-16	3.09622e-09	1.05113e-07	0.248444	2.87028e-24	1.08529e-07	4.2412e-23	6.81021e-24	1.91687e-20	8.00657e-11	6.96692e-06	0.024746	5.90857e-32	0.251071	0.00451669	0.196798	7.5453e-15	3.61495e-09	0.274417	7.98193e-28	
7.7126e-38	9.88082e-20	1.4804e-12	0.410313	1.74079e-51	7.00776e-34	2.50167e-11	3.96925e-28	2.70453e-08	1.05267e-14	6.90822e-36	0.0595718	3.35118e-26	0.139122	0.244294	0.0907896	8.91537e-18	2.11677e-08	0.0559088	5.33259e-13	
1.62837e-08	5.11931e-07	3.31526e-21	0.462254	2.08983e-21	8.50466e-34	9.10472e-10	2.41233e-11	6.64375e-12	2.02359e-16	8.19969e-07	0.00848632	1.70219e-05	0.121735	0.00390409	0.00113805	3.26518e-06	5.35171e-55	0.40246	1.09023e-59	
3.72006e-21	1.89777e-18	5.64414e-05	0.246584	1.42318e-08	8.33317e-20	3.73627e-20	1.93755e-33	3.99117e-14	4.43823e-22	0.000218679	0.0454972	2.09385e-11	0.0829502	0.0214622	0.579708	1.72525e-17	1.0111e-08	0.0235237	1.70017e-22	
2.69441e-06	7.56235e-06	9.31707e-20	0.784248	1.10467e-30	2.16358e-08	7.14047e-05	1.64371e-05	3.64938e-10	5.39835e-26	0.000172884	0.00460027	9.92746e-19	0.189378	0.00578175	0.0103592	1.54807e-06	2.23306e-28	0.00535976	2.73277e-18	
2.22615e-15	4.28351e-08	1.56938e-22	0.308996	6.63264e-06	1.73636e-09	3.45651e-16	2.94665e-07	2.56387e-49	7.53399e-15	2.07198e-19	0.012027	3.88959e-05	0.215321	0.0076099	0.339938	9.73142e-39	5.02828e-81	0.116063	7.32592e-10	
8.91813e-12	6.15689e-13	6.18355e-27	0.727244	5.73238e-34	5.94313e-70	3.58881e-14	1.16394e-06	1.52019e-34	1.80633e-17	5.13129e-18	0.0316676	1.29643e-23	0.0107303	0.00876795	0.221577	2.85621e-10	1.92385e-07	1.11355e-05	1.1677e-13	
7.25816e-33	1.74669e-11	3.17006e-18	0.0797143	2.82843e-43	4.53695e-07	3.61279e-10	2.52306e-18	2.56727e-13	0.000834031	3.299e-15	0.134515	1.13841e-07	0.0315436	0.0900975	0.609266	1.15763e-25	1.33594e-13	0.0540287	2.77039e-11	
6.06498e-16	1.06931e-17	1.27607e-58	0.109854	1.477e-09	7.9432e-17	4.30466e-20	7.88336e-37	1.56164e-19	0.00159997	3.54555e-21	0.0439069	1.59019e-23	0.0321641	0.382462	0.429257	3.02153e-27	4.12483e-27	0.000755145	1.95313e-11	
0.000102897	2.44037e-17	3.28723e-24	0.345812	8.54763e-12	4.69974e-16	3.54248e-21	6.44405e-07	3.73081e-13	4.4274e-09	5.07103e-26	0.0176267	1.16974e-14	0.375092	0.000523915	0.0813749	3.53563e-17	5.80042e-60	0.179466	9.81623e-13	
1.84724e-20	2.52897e-24	3.38032e-05	0.372727	7.21877e-43	4.93416e-16	0.000192806	1.23029e-15	1.75877e-82	1.4104e-18	7.77881e-17	0.0375416	2.14522e-07	0.507297	0.00806915	0.0328477	2.82696e-05	1.34764e-14	0.0412622	5.45663e-10	
4.63686e-05	1.19433e-22	6.9141e-11	0.184035	4.24712e-19	1.54166e-28	1.22641e-14	1.50935e-25	3.16929e-06	4.16924e-05	5.2644e-32	0.0559048	9.01418e-18	0.569644	0.018834	0.0994445	1.69536e-05	1.09841e-08	0.072029	8.19683e-13	
7.9835e-10	2.44418e-22	1.27106e-25	0.115516	2.53781e-22	1.57642e-20	4.56371e-19	1.98559e-09	1.35277e-24	2.70433e-21	3.61779e-07	0.0249627	1.0912e-20	0.0323251	0.603291	0.103924	8.52715e-05	1.00751e-17	0.119895	2.22441e-10	
5.24067e-09	1.49767e-14	6.2287e-15	0.160317	7.66757e-07	3.13538e-34	7.76796e-14	9.79092e-07	9.80404e-20	1.36169e-49	0.000152699	0.121492	5.26311e-07	0.24492	0.0284461	0.183684	4.62878e-07	1.6301e-48	0.260986	4.41114e-18	
6.74046e-38	4.44853e-10	1.07256e-09	0.0367162	2.93265e-08	2.64973e-15	6.52069e-06	3.97097e-15	0.00214458	3.17584e-21	4.86025e-26	0.905713	2.97099e-19	0.00901706	0.000414936	0.00645337	5.98291e-29	6.22707e-16	0.0395345	8.75953e-11	
1.14916e-55	4.58699e-18	1.72849e-24	0.0701085	4.06847e-16	6.55363e-16	4.23788e-09	0.0220215	2.35635e-10	4.40733e-25	2.19477e-27	0.684323	0.000103118	0.014266	0.00180248	0.0102421	2.12306e-06	8.59304e-39	0.197131	1.94731e-22	
9.86371e-05	5.19459e-82	1.11243e-14	0.393211	4.32022e-22	2.51407e-05	1.88241e-11	2.84955e-06	2.79779e-13	1.90146e-05	5.89122e-22	0.000635915	0.000134226	0.0432753	0.00209968	0.0211325	3.11107e-12	1.48055e-14	0.538979	0.000386618	
4.0711e-10	6.94052e-19	4.00581e-10	0.0265584	0.000204312	1.66143e-45	1.2155e-17	3.63346e-12	1.9998e-06	3.22514e-09	0.000154262	0.520547	3.47245e-10	0.0821629	0.0670472	0.298899	8.9142e-46	0.000978295	0.00341438	3.23112e-05	
5.44797e-12	1.23336e-05	1.6231e-06	0.660925	6.96988e-28	2.61815e-18	1.83626e-10	2.12577e-14	1.37067e-43	3.81944e-06	2.13674e-12	0.0608011	7.68834e-33	0.0931447	0.0756567	0.107057	9.06926e-12	1.37961e-23	0.00239765	3.33572e-56	
5.75104e-25	2.37602e-08	3.50018e-52	0.0446087	5.48488e-15	1.38748e-10	9.70522e-30	3.97503e-51	2.52225e-39	7.74376e-39	3.35453e-24	0.00762248	5.65733e-07	0.0963871	0.0197041	0.353803	4.34148e-10	3.79731e-18	0.477874	4.99175e-38	
8.45236e-10	0.000886155	6.51627e-14	0.0423721	6.76525e-09	1.82029e-10	2.63e-31	9.40616e-17	6.47646e-76	3.71733e-62	1.80043e-12	0.277792	9.17525e-16	0.0112063	0.00543815	0.00982762	2.70836e-19	7.58718e-15	0.652476	1.67971e-06	
7.36768e-22	2.53907e-06	2.68292e-26	0.0206865	6.43659e-07	6.9603e-05	8.91227e-12	2.00187e-09	3.12609e-12	3.94536e-14	4.08632e-29	0.345335	1.38972e-17	0.264556	0.301953	0.0527741	5.668e-17	3.59195e-15	0.014623	1.85555e-14	
3.98346e-22	7.53939e-08	7.47364e-07	0.0188649	0.000870639	5.22131e-19	1.79003e-14	4.43555e-05	6.68902e-35	6.875e-38	1.00583e-13	0.00196219	4.86787e-10	0.311971	0.011762	0.645755	5.02008e-05	2.41894e-05	0.00819629	0.000498409	
1.32759e-36	1.48649e-05	3.17739e-12	0.0202774	0.000638399	1.13501e-52	2.62025e-13	1.83316e-20	1.25195e-11	5.02013e-09	6.7574e-15	0.177907	1.4045e-17	0.629779	0.125833	0.0454287	3.59486e-82	3.65098e-14	0.000122204	1.80963e-11	
2.21533e-07	1.48804e-06	9.30469e-15	0.827464	2.68205e-48	8.78219e-14	2.7506e-17	5.05893e-08	1.74921e-07	4.04225e-07	5.03316e-10	0.0308832	4.00337e-10	0.00134744	0.00394972	0.0104295	9.42335e-09	2.36867e-28	0.125921	3.1082e-06	
1.85698e-16	8.29823e-11	1.02461e-24	0.312438	6.77263e-08	4.98952e-07	0.00192099	6.33095e-16	3.12028e-10	0.000746281	3.07425e-12	0.000856935	0.000339692	0.658909	0.00153095	0.0145112	3.04989e-09	5.75019e-10	0.00874625	2.03267e-20	
0.000208051	3.23757e-19	4.4116e-10	0.547994	5.01551e-10	4.26441e-75	5.95901e-11	2.42754e-18	2.42399e-10	4.42526e-58	4.84711e-08	0.140378	7.15727e-22	0.146441	0.00534774	0.0418368	0.000510505	0.00510329	0.11218	3.78359e-12	
0.00195042	3.75004e-06	1.3846e-28	0.816973	4.4903e-23	1.3857e-16	1.1812e-14	2.75353e-35	1.32447e-06	0.000129231	3.52256e-20	0.0216011	1.04429e-13	0.0176544	0.000109666	0.123864	2.75512e-15	1.62209e-07	0.0177132	5.45008e-15	
1.44772e-51	6.35445e-17	2.42996e-16	0.616706	9.76593e-19	0.000124181	9.00071e-22	2.55788e-08	6.55711e-35	5.53697e-24	3.56201e-09	0.0526989	2.17249e-21	0.0659034	0.124374	0.0468635	1.13501e-09	7.01962e-15	0.0933301	2.86834e-19	
8.15082e-43	4.10359e-07	0.00279428	0.290225	2.52376e-15	3.61838e-16	1.94842e-09	1.52422e-101	6.8812e-60	1.25447e-21	4.04764e-24	0.00982154	1.02458e-23	0.471262	0.00232386	0.208543	1.0071e-37	2.29563e-29	0.0150293	1.63084e-21	
6.46889e-17	2.30006e-11	2.39191e-09	0.501731	2.69105e-18	1.5738e-18	1.80648e-48	8.22509e-10	9.01885e-33	2.11596e-26	9.26639e-11	1.09494e-05	2.77286e-19	0.373653	0.00362882	1.18871e-05	3.58752e-22	2.88511e-08	0.120964	5.86961e-11	
6.01391e-06	6.25661e-05	0.000474333	0.220927	7.68012e-09	1.78587e-06	4.62775e-27	6.92004e-09	1.15811e-44	1.35486e-21	3.49816e-62	0.0201626	1.47777e-32	0.3198	0.00261353	0.0317421	1.96491e-07	2.25021e-08	0.40421	6.81119e-22	
2.77134e-82	1.49282e-14	5.3544e-13	0.0549346	1.98675e-05	0.00065185	2.39124e-10	0.000100958	2.55183e-08	7.62772e-16	2.24567e-13	0.781749	6.89652e-08	0.0203091	0.00598052	0.119589	7.24745e-32	3.71691e-17	0.0166648	9.58983e-42	
1.85193e-30	6.77542e-31	0.00506708	0.106012	2.12549e-13	7.14543e-26	3.55367e-32	1.11474e-06	5.44216e-41	1.40181e-11	4.12254e-07	0.0157385	2.68609e-14	0.0907741	0.260049	0.506028	3.99264e-31	4.38937e-13	0.0163301	1.2604e-27	
1.45237e-25	6.01654e-16	9.16971e-14	0.497051	6.28696e-17	9.23843e-29	1.7839e-15	6.11276e-05	1.71532e-29	4.40331e-09	1.67769e-38	0.0712736	1.18435e-11	0.0101841	0.0121094	0.0595587	8.67522e-43	1.73857e-84	0.349758	4.30197e-06	
3.17814e-15	1.45647e-16	1.04136e-44	0.00571587	1.43567e-16	4.70717e-07	9.67376e-15	8.25148e-05	7.55813e-05	1.87219e-12	2.1271e-15	0.106558	1.93373e-05	0.674182	0.0720885	0.13987	5.38369e-50	1.8244e-18	0.00140726	2.68822e-10	
5.38374e-05	5.90906e-23	2.34554e-24	0.617006	7.80929e-73	1.85532e-17	5.47882e-07	1.65663e-44	1.61102e-37	7.6544e-13	8.26867e-11	0.0325436	1.36931e-14	0.298529	9.41408e-07	0.00883327	8.38279e-11	1.58675e-35	0.043033	1.69153e-10	
5.42762e-30	2.7822e-08	1.49758e-24	0.400045	1.23316e-19	1.32471e-09	2.30228e-11	8.37787e-05	1.20483e-57	7.63859e-14	8.80509e-25	0.0436687	2.01315e-13	0.245358	0.00084762	0.0124385	1.45993e-10	3.8105e-06	0.297554	3.49725e-09	
2.85701e-13	3.08865e-10	4.9617e-24	0.0715286	3.83526e-06	2.19753e-12	1.83416e-06	3.61842e-08	1.15112e-40	5.221e-59	4.08305e-31	0.000394273	6.38832e-11	0.035995	0.15074	0.12378	1.72128e-06	1.92721e-09	0.617555	7.77743e-30	
