CATGTRSBDP
1	1000	1000
1
1.8
0	0
0	0
WhelanD20_AA_mod_transform-03_states-20.phy
4
0
Universal

0
0
0
None
0
10	0
0
((Lithobius_forficatus:0.316531753418323,(Priapulus_caudatus:0.459910951860053,(((Capitella_teleta:0.420971963076467,Lottia_gigantea:0.402926325716408):0.0315273340704604,(Tubulanus_polymorphus:0.40183913985489,Hemithiris_psittacea:0.394374233539382):0.0222363247583152):0.0779814703938758,((((((Periphylla_periphylla:0.252598297562777,Aurelia_aurita:0.283510413832612):0.0753261298374116,((Hydra_viridissima:0.0685858049139109,(Hydra_oligactis:0.0445762961440408,Hydra_vulgaris:0.0264161395107058):0.0486349577041131):0.237375983750429,(Physalia_physalis:0.162831006318897,((Abylopsis_tetragona:0.185051089383667,Craseoa_lathetica:0.081842527573841):0.0475274910110147,(Agalma_elegans:0.0682913347356802,Nanomia_bijuga:0.121204399048834):0.0519653400765085):0.0593834429615749):0.123295307460773):0.251880222763495):0.185629021487596,(Eunicella_verrucosa:0.434275153498502,((Platygyra_carnosa:0.991851470980254,Acropora_digitifera:0.11894158574829):0.129081667761731,((Bolocera_tuediae:0.140019990592849,(Hormathia_digitata:0.0758660521707644,Aiptasia_pallida:0.141265185562769):0.0232162171942092):0.076501328688369,Nematostella_vectensis:0.201082801662491):0.0942143438029891):0.107321151223412):0.0542974482139809):0.074604206191871,(Trichoplax_adhaerens:0.868794109517191,((((((Amoebidium_parasiticum:0.523714428186712,Sphaeroforma_arctica:1.00288234624836):0.427021360540585,(((Mortierella_verticillata:0.546146314474879,Rhizopus_oryzae:0.70937447688715):0.160447135454894,Allomyces_macrogynus:1.39491816648597):0.0582468381414613,Spizellomyces_punctatus:0.727216413282391):0.64617160950473):0.0682045672020757,(Capsaspora_owczarzaki:0.940657236114662,Ministeria_vibrans:1.29073775219317):0.123259900857918):0.111622903744274,(Salpingoeca_rosetta:1.4318597714482,Monosiga_ovata:1.24381387842815):0.588532640095867):0.307194966214646,(((Vallicula_sp:0.155754984668462,Coeloplana_astericola:0.214073573379836):0.154240859103628,((Pleurobrachia_atlantica:0.00999647204806815,Pleurobrachia_bachei:0.190559604763992):0.287499725090213,(Dryodora_glandiformis:0.201134983315696,((Mnemiopsis_leidyi:0.119393885051874,(Bolinopsis_infundibulum:0.0628010519079427,Mertensiidae_sp:0.0485904264740972):0.0875663785602094):0.0263976949047476,Beroe_abyssicola:0.171342611639637):0.0245093418582027):0.0436057525273364):0.0604792360672226):0.171383055746538,Euplokamis_dunlapae:0.274088426614299):1.10183524344834):0.0272443917130749,((((Ircinia_fasciculata:0.504668464125723,Chondrilla_nucula:0.674593122649691):0.0701043728260209,((Amphimedon_queenslandica:0.432643709778905,Petrosia_ficiformis:0.234822035220978):0.226990998874337,((Spongilla_alba:0.136706986693123,Ephydatia_muelleri:0.0629293374808162):0.347637571025045,(Pseudospongosorites_suberitoides:0.280473223629314,((Latrunculia_apicalis:0.135608290920117,(Crella_elegans:0.139345454309305,Kirkpatrickia_variolosa:0.0938266668406346):0.0530691197309244):0.177909198739048,Tethya_wilhelma:0.258972614333114):0.00963415221901093):0.109843937096038):0.0556918372996503):0.109696571909576):0.142053710475716,(Hyalonema_populiferum:0.779067561248582,(Aphrocallistes_vastus:0.212318861932331,(Sympagella_nux:0.0879658967413225,Rossella_fibulata:0.0967218458173475):0.126620441978115):0.32089700955333):0.843484999311062):0.115647167296411,((Oscarella_carmela:0.422388053419996,Corticium_candelabrum:0.460835004325377):0.239955512983133,(Sycon_coactum:0.170819619428873,Sycon_ciliatum:0.0897411026753789):0.770598906591955):0.0470612485450807):0.0366129126200945):0.0392640171665148):0.0217019355467013):0.105033437078124,(Strongylocentrotus_purpuratus:0.479841761859627,Saccoglossus_kowalevskii:0.337846509790408):0.0589506926231593):0.0233929778722215,(Petromyzon_marinus:0.325076483794561,(Danio_rerio:0.166163314762889,Homo_sapiens:0.185489812098821):0.0830121727739783):0.230156538925975):0.0474989702385):0.0249529978621192):0.0890639263781871):0.114171753449447,Daphnia_pulex:0.480045201706443,Drosophila_melanogaster:0.727976611180811);
((Lithobius_forficatus:0.316531753418323,(Priapulus_caudatus:0.459910951860053,(((Capitella_teleta:0.420971963076467,Lottia_gigantea:0.402926325716408):0.0315273340704604,(Tubulanus_polymorphus:0.40183913985489,Hemithiris_psittacea:0.394374233539382):0.0222363247583152):0.0779814703938758,((((((Periphylla_periphylla:0.252598297562777,Aurelia_aurita:0.283510413832612):0.0753261298374116,((Hydra_viridissima:0.0685858049139109,(Hydra_oligactis:0.0445762961440408,Hydra_vulgaris:0.0264161395107058):0.0486349577041131):0.237375983750429,(Physalia_physalis:0.162831006318897,((Abylopsis_tetragona:0.185051089383667,Craseoa_lathetica:0.081842527573841):0.0475274910110147,(Agalma_elegans:0.0682913347356802,Nanomia_bijuga:0.121204399048834):0.0519653400765085):0.0593834429615749):0.123295307460773):0.251880222763495):0.185629021487596,(Eunicella_verrucosa:0.434275153498502,((Platygyra_carnosa:0.991851470980254,Acropora_digitifera:0.11894158574829):0.129081667761731,((Bolocera_tuediae:0.140019990592849,(Hormathia_digitata:0.0758660521707644,Aiptasia_pallida:0.141265185562769):0.0232162171942092):0.076501328688369,Nematostella_vectensis:0.201082801662491):0.0942143438029891):0.107321151223412):0.0542974482139809):0.074604206191871,(Trichoplax_adhaerens:0.868794109517191,((((((Amoebidium_parasiticum:0.523714428186712,Sphaeroforma_arctica:1.00288234624836):0.427021360540585,(((Mortierella_verticillata:0.546146314474879,Rhizopus_oryzae:0.70937447688715):0.160447135454894,Allomyces_macrogynus:1.39491816648597):0.0582468381414613,Spizellomyces_punctatus:0.727216413282391):0.64617160950473):0.0682045672020757,(Capsaspora_owczarzaki:0.940657236114662,Ministeria_vibrans:1.29073775219317):0.123259900857918):0.111622903744274,(Salpingoeca_rosetta:1.4318597714482,Monosiga_ovata:1.24381387842815):0.588532640095867):0.307194966214646,(((Vallicula_sp:0.155754984668462,Coeloplana_astericola:0.214073573379836):0.154240859103628,((Pleurobrachia_atlantica:0.00999647204806815,Pleurobrachia_bachei:0.190559604763992):0.287499725090213,(Dryodora_glandiformis:0.201134983315696,((Mnemiopsis_leidyi:0.119393885051874,(Bolinopsis_infundibulum:0.0628010519079427,Mertensiidae_sp:0.0485904264740972):0.0875663785602094):0.0263976949047476,Beroe_abyssicola:0.171342611639637):0.0245093418582027):0.0436057525273364):0.0604792360672226):0.171383055746538,Euplokamis_dunlapae:0.274088426614299):1.10183524344834):0.0272443917130749,((((Ircinia_fasciculata:0.504668464125723,Chondrilla_nucula:0.674593122649691):0.0701043728260209,((Amphimedon_queenslandica:0.432643709778905,Petrosia_ficiformis:0.234822035220978):0.226990998874337,((Spongilla_alba:0.136706986693123,Ephydatia_muelleri:0.0629293374808162):0.347637571025045,(Pseudospongosorites_suberitoides:0.280473223629314,((Latrunculia_apicalis:0.135608290920117,(Crella_elegans:0.139345454309305,Kirkpatrickia_variolosa:0.0938266668406346):0.0530691197309244):0.177909198739048,Tethya_wilhelma:0.258972614333114):0.00963415221901093):0.109843937096038):0.0556918372996503):0.109696571909576):0.142053710475716,(Hyalonema_populiferum:0.779067561248582,(Aphrocallistes_vastus:0.212318861932331,(Sympagella_nux:0.0879658967413225,Rossella_fibulata:0.0967218458173475):0.126620441978115):0.32089700955333):0.843484999311062):0.115647167296411,((Oscarella_carmela:0.422388053419996,Corticium_candelabrum:0.460835004325377):0.239955512983133,(Sycon_coactum:0.170819619428873,Sycon_ciliatum:0.0897411026753789):0.770598906591955):0.0470612485450807):0.0366129126200945):0.0392640171665148):0.0217019355467013):0.105033437078124,(Strongylocentrotus_purpuratus:0.479841761859627,Saccoglossus_kowalevskii:0.337846509790408):0.0589506926231593):0.0233929778722215,(Petromyzon_marinus:0.325076483794561,(Danio_rerio:0.166163314762889,Homo_sapiens:0.185489812098821):0.0830121727739783):0.230156538925975):0.0474989702385):0.0249529978621192):0.0890639263781871):0.114171753449447,Daphnia_pulex:0.480045201706443,Drosophila_melanogaster:0.727976611180811);
1
3.99151
0.938477
5000
195.646
0.761475	0.288512	0.363918	0.431546	0.39072	0.35101	0.360726	0.468036	0.522156	0.687756	0.379639	0.386052	0.241426	0.431262	0.506481	0.710647	0.570468	0.628223	0.15676	0.371896	

0.98407	0.493947	0.950662	0.163593	3.52702	0.291297	0.28421	0.38981	0.377047	0.563741	0.615523	1.92603	0.725204	0.270276	5.02876	3.42539	2.45404	0.0960885	0.16216	0.211054	0.265767	1.43546	2.04802	0.943343	0.37038	0.188154	0.419272	0.448196	1.42059	0.460793	0.489031	1.32358	6.30859	1.49164	0.844749	1.02763	1.69749	5.28409	0.0415617	1.22335	0.693755	0.000387094	0.25696	0.0404262	0.0465544	2.97423	0.197841	0.465179	0.0902748	0.667214	0.393049	0.206387	0.0177157	0.146814	0.0507047	0.85671	0.452787	0.189434	0.667971	0.178121	0.212365	0.654808	0.236805	2.32681	0.179754	0.484406	0.482175	0.489917	0.0304343	0.0347061	0.00570376	1.01958	0.698821	0.0550492	1.74313	0.991761	0.104272	0.0833924	0.0600114	0.0812671	0.500047	0.261104	0.567674	0.682223	6.38806	0.490221	0.130576	0.506164	0.164319	0.230858	1.16722	0.293796	0.608027	0.606815	3.29165	0.511602	0.369665	0.0839392	0.000755147	0.295615	0.476028	0.708855	0.221238	4.61397	1.02928	5.05496	1.73804	0.730277	0.495637	0.206412	0.233362	4.70286	0.274088	2.58205	4.47726	0.65246	0.17207	0.206279	0.156849	0.317542	2.20734	7.93742	0.164851	0.255845	0.264271	0.620298	2.05442	0.31005	1.92585	4.31167	0.739962	0.922321	0.288837	0.0670516	0.068336	4.50015	0.221344	0.431354	1.20363	0.345441	0.52407	0.578264	1.64492	0.461121	0.36287	0.464882	0.196174	1.12342	0.350882	0.644457	2.63921	2.26092	0.406266	0.274639	0.263619	1.28869	0.486609	4.79429	2.47302	0.33311	0.0650673	0.61382	1.04791	0.356486	1.61836	0.921226	0.312126	0.0793837	0.0437059	1.70706	0.894401	1.09327	0.493454	0.164505	0.279515	0.665551	0.602701	0.158777	0.316723	0.0718273	6.30095	0.585154	0.266254	0.447118	1.89195	0.0209586	0.131156	0.107002	0.165057	0.820226	

0.0732762	1.17327e-08	0.178213	0.172249	0.00156091	0.0221064	0.0166388	0.00678177	0.115612	0.0190967	0.00160219	0.0521928	0.00152932	0.0955725	0.0444719	0.143739	0.0435206	0.00962392	0.00193979	0.000273278	
0.10767	0.00472456	0.0835113	0.143952	0.00651404	0.0535417	0.0212372	0.0255764	0.112638	0.0460804	0.0225768	0.0290693	0.0461399	0.063615	0.0351545	0.0877095	0.0517972	0.0512548	5.98655e-06	0.00723078	
0.0106204	0.022126	0.0513561	0.0980092	1.21669e-06	0.0293744	0.0180559	0.00307765	0.116682	0.0547173	0.00492208	0.348985	0.000949321	0.126288	0.0719313	0.0134475	0.00219022	0.00541557	0.00884289	0.0130085	
0.0039434	0.000963091	0.00208816	0.000574868	0.065904	0.809947	0.000490321	0.00237206	0.00170314	0.00478858	0.0014702	0.00110627	0.00272979	0.000488385	0.00272408	0.00290107	0.00280386	0.00171454	0.00565855	0.0856288	
0.0657895	0.0209538	0.0820976	0.0792935	0.0270579	0.0617654	0.0541399	0.00194046	0.0192118	0.034307	0.00765196	0.242291	0.00416775	0.0283354	0.0150081	0.112237	0.0306468	0.0122765	0.0345583	0.0662706	
0.0526011	0.00886842	0.0969781	0.116216	0.00698586	0.0219782	0.0253083	0.0260662	0.101058	0.0613257	0.014975	0.0646339	0.00728524	0.076719	0.0733036	0.0989849	0.0843902	0.0391425	0.00567768	0.0175023	
0.0821983	0.00495226	0.00652193	0.291179	0.233693	0.117942	5.22064e-06	0.00545267	0.00383263	0.0184538	9.53212e-05	0.0172612	0.0487855	0.0125842	0.00229806	0.146417	0.00384852	0.000326949	0.00246819	0.00168362	
0.240396	0.0137277	0.0075193	0.00588005	0.00663915	0.0194429	0.00281151	0.0360836	0.00371234	0.00190939	3.65403e-05	0.000375212	0.00161256	0.0111096	0.0009921	0.614756	0.0158111	0.0131325	0.00325039	0.000802418	
0.040319	0.0022721	0.0440489	0.0883577	0.0279937	0.00321857	0.023363	0.067542	0.0568402	0.101869	0.00753318	1.40472e-05	0.0613443	0.0462414	0.261536	0.00927853	0.0478014	0.0851724	0.000234669	0.0250202	
0.948998	0.00690123	0.00128037	0.0015665	0.000371863	0.00505318	0.00365502	0.00459064	0.00186032	0.00230405	0.00110858	0.00117073	0.000872316	0.000496698	0.00421864	0.0129051	0.00227453	0.000359887	1.23371e-05	2.63216e-08	
0.127189	0.00655662	0.056033	0.0873821	0.023156	0.0227666	0.0347064	0.024695	0.0942654	0.135528	0.0440326	0.0569447	0.00018348	0.0879484	0.0581631	0.0722569	0.0236716	0.0251792	3.26383e-08	0.019342	
0.00256055	0.000114875	0.00427779	0.000447088	0.00635635	7.50343e-05	0.000926314	0.00949878	0.000263865	0.950752	0.0056502	4.42553e-05	0.00132695	0.000197947	0.000784447	0.0020262	0.00239475	0.00723425	0.000370092	0.00469855	
0.0501634	0.0117657	0.0228593	0.082513	0.0124664	0.00989085	0.00344539	0.163721	0.0378394	0.14546	0.0272337	0.0156494	0.0325404	0.0162967	0.0349719	0.0438964	0.0211975	0.254534	0.00028877	0.013266	
0.00179812	9.29543e-05	0.00246059	0.00234793	0.000142008	0.00280791	0.000374924	0.0014904	0.00470301	0.000711259	0.00158146	0.00121819	0.00319791	0.000305249	0.97062	0.00278772	0.000976688	0.00191461	0.000454053	1.50287e-05	
0.0591913	0.00636972	0.208657	0.211355	0.017026	0.0366377	0.0134244	0.0176168	0.0401442	0.0293113	0.00628778	0.0695509	0.0586573	0.0437573	0.0164137	0.0975541	0.0361323	0.0134313	0.0064695	0.0120124	
0.0361121	0.00549484	0.00142964	0.0256414	0.27324	0.0258006	0.000238523	0.0502485	7.70298e-05	0.0905641	0.018123	0.00201971	0.0656626	0.0209753	0.0301339	0.0662067	0.11743	0.0603636	0.0670749	0.0431634	
0.0040777	0.000629564	0.792418	0.0020367	0.00142135	0.000947928	0.00239661	0.163703	0.00142929	0.0052199	0.0014412	0.00100251	0.00330004	7.90761e-06	0.00955657	0.00184396	0.00156921	3.97119e-05	0.00067327	0.00628488	
0.0272742	0.00367619	0.0224175	0.00392066	0.000981814	0.000793496	0.00983149	0.0251495	0.0396472	0.0357043	2.30602e-07	0.523386	0.00145303	0.0818547	0.04785	0.103339	0.0550253	0.00825872	0.00855398	0.000883325	
0.0494736	0.0106504	0.0593368	0.0665606	0.0515922	0.0389433	0.0254167	0.0397398	0.066594	0.0999389	0.0220809	0.0341913	0.051207	0.04169	0.0569361	0.0758391	0.0662695	0.0674591	0.0202692	0.0558114	
0.0814733	0.00501462	0.0606793	0.156158	0.0257189	0.041524	0.0124487	0.0100647	0.110868	0.0307148	0.0163342	0.0254371	0.00405783	0.114114	0.0942647	0.109665	0.0430587	0.0143592	0.0177651	0.0262794	
0.00358579	0.00126963	0.00238062	0.932443	0.0070938	7.26051e-05	0.000271847	0.00426446	0.00471279	0.00377064	0.00335127	0.00146987	6.81519e-08	0.003433	0.0107741	0.00298455	0.00246527	2.30453e-06	6.41338e-05	0.0155906	
0.0529561	0.0102527	0.1069	0.00846327	0.000770701	0.00280407	0.0493909	0.0250358	0.0175039	0.0445119	0.137863	0.0169773	0.313952	0.00715914	1.32445e-05	0.0148639	0.0784338	0.105365	3.44497e-05	0.00674893	
0.125779	0.00501886	0.0325307	0.0805887	0.00704344	0.021102	0.014373	0.026956	0.199157	0.0285219	0.00687099	0.040142	0.000503696	0.145561	0.0477743	0.0946196	0.0621773	0.0584219	2.2846e-06	0.00285591	
0.138274	0.00992632	0.0244817	0.00462493	0.0348736	0.0192866	0.0215417	0.0091645	0.0285328	0.00353829	0.000578695	0.00283624	0.581968	0.000390487	0.0200196	0.0861146	0.0100218	0.00312281	4.37564e-08	0.000703746	
0.154611	0.00935905	0.00232803	0.0314934	0.00194139	0.00100546	0.00132365	0.0520415	0.180965	0.0727381	0.10968	0.00621133	0.0184506	0.0847761	0.107424	0.0528647	0.00516007	0.0222281	0.0217015	0.0636971	
0.0806385	0.000424309	0.0358754	0.193794	0.0183752	0.00231046	0.00196066	0.0462059	0.188174	0.0530143	0.0194465	0.0321143	0.00589145	0.0806388	0.0537758	0.0261315	0.074273	0.0785021	0.00445612	0.003998	
0.0958319	0.0112764	0.0106009	0.000240075	8.59806e-05	0.754388	0.00327267	0.00642542	0.016869	0.0231494	0.000990338	0.010173	0.00374912	0.00767435	0.00077495	0.0463668	0.00719469	0.000217104	2.44464e-05	0.000695369	
9.75361e-05	0.000249672	0.000185602	0.00970643	0.00893955	0.0247419	0.00205667	0.0082173	0.0159772	0.0109592	0.00577485	0.00154155	0.00758307	0.00055658	0.0235215	0.00107651	0.00969702	0.00588903	0.00844894	0.85478	
0.00605983	0.00167292	0.00325841	0.0108087	0.00591053	0.005218	0.000403955	0.00674033	0.00378693	0.00734367	0.00641058	0.00181246	0.909726	0.00230337	0.00540449	0.00334006	0.00426249	0.00525463	2.79495e-07	0.0102819	
0.0913773	0.276964	0.0318008	0.000468512	0.000189764	0.0928811	0.000371066	0.00294651	0.1036	0.202743	0.00242257	0.0331795	0.0313798	0.0252993	0.0121936	0.0218087	0.0122457	0.045775	0.00698077	0.00537206	
0.0509681	0.0032846	0.0209929	0.0439847	0.0272967	0.0196675	0.00544125	0.00142341	0.0200615	0.00877722	0.0144334	0.0129918	0.00301238	0.00399836	0.000124826	0.67243	0.0841711	0.00673808	1.16115e-06	0.00020055	
0.0380084	0.00304946	0.0274139	0.0400764	0.00117437	0.033632	0.0154599	0.0231542	0.0509035	0.00633808	1.62511e-05	0.0543205	0.518993	0.0548068	0.0230847	0.0575808	0.0417459	0.00814398	1.54532e-06	0.00209638	
0.0847738	0.00285825	0.0998999	0.292688	0.00889726	0.0196773	0.0187992	0.0276003	0.0594569	0.0429249	0.0224985	0.0392459	0.0137495	0.0479091	0.0421859	0.07623	0.0575287	0.037134	1.38317e-05	0.00592885	
0.0138625	0.0114105	0.000196005	7.90136e-05	0.027656	0.00368515	2.85436e-05	0.394178	0.00324138	0.0577387	0.00926365	5.79711e-06	0.000233471	0.000163318	0.0079586	0.00330536	0.00985675	0.447854	0.000154998	0.00912825	
0.0750539	0.0131608	0.00549928	0.0224907	0.00529734	0.00370258	6.16385e-05	0.122412	0.0820431	0.260699	0.0190998	0.0138237	0.00607976	0.0383561	0.0522683	0.0165361	0.0621124	0.163262	1.77392e-09	0.0380417	
0.00784448	0.0147298	0.00193194	0.000321667	0.0374702	0.00064722	0.00123661	0.26842	0.00667403	0.32419	0.0236794	0.00594975	0.00583191	0.00228119	0.00601564	0.00669	0.0144628	0.268499	3.67714e-09	0.00312444	
0.0374569	0.153408	0.00049765	0.0048976	0.0211354	0.00751739	0.00560218	0.10684	0.012745	0.371059	0.0163914	0.00298491	0.0102087	0.00225078	0.0216997	0.0335709	0.0536969	0.136186	3.09763e-05	0.00182133	
0.429038	0.0810087	0.000335721	1.03699e-09	0.102298	0.00876837	0.0102804	0.0336432	0.0045244	0.100867	0.0326114	0.000406553	0.00492069	0.000812374	1.56442e-05	0.0270478	0.03101	0.0759144	0.0235036	0.0329936	
0.0121517	0.000785942	0.00281125	0.00260392	0.818398	0.0648575	0.00114056	0.0121752	0.00973712	0.0148545	0.0038329	0.00753482	0.00538939	0.00564688	0.00681827	0.0017014	0.00335985	0.00918315	0.0109223	0.00609544	
0.0395073	0.0290476	0.00511334	0.00505899	0.000293777	0.00435647	0.0367804	0.163287	0.0252706	0.080242	0.0810645	0.002656	0.0074311	0.305921	0.0174254	0.0762988	0.0615786	0.043185	0.000283968	0.015199	
0.0372328	7.52225e-06	0.23535	0.30463	0.0207343	0.0101208	0.0264306	0.0148817	0.0319529	0.0113966	0.000114169	0.0322148	0.00391484	0.124146	0.00402691	0.0371952	0.0330488	0.0465466	3.62218e-06	0.0260519	
0.233038	0.053512	0.00526188	0.0129843	0.00393058	0.00958268	0.00427633	0.0468627	0.0231513	0.0227534	0.00890657	0.000177689	0.0998375	0.000111678	0.00544189	0.0388394	0.105851	0.320915	9.33244e-08	0.00456707	
0.13417	0.200778	0.000990324	0.000953193	0.027208	0.0120003	0.00452047	0.103533	0.000508263	0.034927	0.0158946	0.000607983	0.00121649	0.00259737	0.00290813	0.0357623	0.0931878	0.31855	0.00666826	0.00301843	
0.00624073	0.00138383	0.00190836	0.00208203	0.0041227	0.0033805	0.00168904	0.0028401	1.32408e-05	0.00379924	0.00090449	0.00288104	0.00625644	8.19681e-06	1.80975e-06	0.009971	0.940277	0.00296981	0.00499914	0.00427099	
0.110432	0.0365705	0.000539142	5.74578e-07	0.0726968	0.0656263	0.000866404	0.0533435	0.00166354	0.494316	0.0239678	0.00335462	0.00658602	0.00127927	0.00791336	0.0262128	0.0212848	0.0420397	0.00597209	0.0253351	
0.0906202	0.0180487	0.000239957	0.000518784	0.318858	0.036279	0.00294989	0.175845	0.00258869	0.058218	0.0227995	7.63718e-07	1.10593e-07	0.00139403	0.00459543	0.0410628	0.0422769	0.163491	0.00168337	0.0185294	
0.101928	0.0547574	0.0253691	0.00248644	0.0373662	0.0377786	0.000148137	0.333198	0.000385939	0.162359	0.0486918	0.00381734	0.01222	1.37018e-05	0.0047122	0.0438129	0.0376685	0.0932397	3.95579e-05	7.82465e-06	
0.12075	0.00270592	0.000451036	0.0304568	0.0102204	0.00506448	0.000462893	0.0419162	0.21091	0.000307642	0.00100458	0.0386919	1.6633e-05	0.0214948	0.0889029	0.0388514	0.0507026	0.289811	0.00948078	0.0377979	
0.100091	0.00490251	0.0155097	0.00535594	0.0159933	0.0459448	6.49908e-06	0.0820527	0.00106023	0.103045	0.059729	0.105527	0.0128109	0.0929109	0.00917808	0.0623027	0.0983501	0.153373	0.00662143	0.0252361	
0.224342	0.00646049	0.0488741	0.185067	0.00234385	0.0212184	0.00592309	0.0151031	0.164934	0.029862	0.00593818	0.0370308	0.00305881	0.0749904	0.0360894	0.0901413	0.0343414	0.0100458	0.00135649	0.00287955	
0.0968469	0.00510482	0.0739368	0.15297	0.000414287	0.02545	0.0199089	0.005533	0.0934287	0.0254042	0.00425462	0.0324811	0.200609	0.0518802	0.0137299	0.125112	0.0436705	0.021655	0.00214296	0.00546725	
0.0934603	0.0108771	0.0722173	0.0448245	0.0173727	0.0514714	0.0214875	0.0193484	0.0816374	0.0413037	0.0160984	0.0585689	0.15124	0.0603358	0.0433613	0.108155	0.0696456	0.030504	0.0044625	0.00362783	
0.0944317	0.00207694	5.83394e-05	0.00160359	0.00756003	0.000126449	6.41759e-06	0.0745978	0.116786	0.365203	0.00330795	0.011212	0.0110633	0.00261822	0.0343173	0.00830168	0.00146756	0.246117	0.00530415	0.0138408	
0.275263	0.103626	0.0153653	0.0146682	0.0207298	0.127001	1.45271e-05	0.0828276	0.00114449	0.140937	0.0282079	0.000323908	0.00455717	0.000384322	0.00363554	0.13044	0.0224268	0.0101054	6.63919e-07	0.0183415	
0.0321619	0.00279755	0.0380558	6.63022e-07	0.258043	0.0198388	0.0109701	0.0184245	0.00471931	0.1663	0.000412707	0.00193666	0.138836	0.0304966	0.0410585	0.0200168	0.00434467	0.0239371	3.2808e-07	0.187649	
0.165441	0.0761625	0.212741	0.000603479	0.0393668	0.037958	0.0431881	0.000321413	4.04917e-05	0.0423986	0.00117486	4.68304e-06	2.25872e-07	6.86648e-10	0.0483945	0.194205	0.0777618	0.0014601	3.96136e-09	0.0587767	
0.0345795	0.0150931	1.81209e-08	0.00518037	0.00129654	0.010603	0.0219099	0.127955	0.0023066	0.283991	0.0111744	0.00958794	0.00935841	0.00564567	0.0143693	0.00388073	0.0285209	0.413665	1.80526e-06	0.000880626	
0.0396266	0.126722	0.019629	0.0002794	0.0130874	0.0458215	0.00166242	0.000645097	0.00462734	0.00237368	0.000707928	0.00638382	0.0488631	0.00334422	0.000190364	0.524191	0.0253253	0.0983095	1.68755e-05	0.0381934	
0.0262328	0.00152637	0.0157698	0.0250215	0.0412457	0.0319135	0.0502075	0.00356391	0.0660155	0.0272764	0.00798408	0.522455	0.0189672	0.0327067	0.0724711	0.0150451	0.0149158	0.000847468	0.000135962	0.0256989	
0.0272784	0.0227959	0.00131562	0.0110918	0.0609064	0.00338101	0.0249551	0.214749	0.000754996	0.14696	0.0274947	0.00274902	0.00515074	0.00248181	0.00241127	0.0197315	0.0211785	0.31597	0.0491545	0.0394894	
0.011642	0.00114723	0.01785	0.0129317	0.0133677	0.000190725	0.00229699	0.0017824	0.00400696	0.000153569	0.000424884	0.00749764	1.70748e-09	0.000471702	0.00278511	0.000578778	4.25471e-05	0.00591465	0.907696	0.00921957	
0.0283834	0.0213545	0.0253104	0.0527046	0.026017	0.00956106	0.0337491	0.163209	0.0475035	0.0752813	0.0133708	0.0176467	0.0162534	0.0438897	0.0838263	0.0391216	0.0927963	0.182465	0.00445629	0.0230998	
0.248019	0.0274476	1.39659e-05	0.00107548	0.155632	0.0741448	0.00141651	0.0469319	0.00227816	0.104018	0.0198106	0.00358183	0.00728998	0.000152977	6.284e-05	0.102758	0.0896961	0.098979	0.015778	0.000913202	
0.0310993	0.0119069	0.0778879	0.0543537	0.0246372	0.00400833	0.0515973	0.0551303	0.0970937	0.0562877	0.0392876	0.0603775	0.000891091	0.0514968	0.131149	0.0160226	0.0690515	0.0636205	0.0356329	0.068468	
0.00825325	0.0229451	0.00561422	0.054366	0.0125235	0.00574693	0.167898	0.0186609	0.122982	0.0164786	0.002432	0.116824	0.000334492	0.0357305	0.147636	0.00624723	0.186371	0.0397298	8.07124e-11	0.0292263	
0.0220693	0.00455058	0.0732929	0.573536	0.0196521	0.00675995	0.0138496	0.0106334	0.033917	0.0398361	0.0133846	0.0220047	0.0129041	0.0465248	0.0126328	0.0282645	0.015445	0.022321	0.000530817	0.0278906	
0.13089	0.0111442	0.0246699	0.0190393	0.121485	0.0694356	0.168306	0.00554757	0.0324282	0.00347034	0.000450935	0.00755948	0.0238807	0.00350244	0.016973	0.0735454	0.007319	0.00322276	0.0561438	0.220986	
0.0708856	0.0877292	0.0292222	0.0347207	0.00184921	0.0138811	0.00568198	0.038908	0.0586648	0.0227519	0.0592814	0.021792	0.000153582	0.0262705	0.0371147	0.0878028	0.0741923	0.297102	0.0131245	0.0188716	
0.0460451	0.0568032	0.00326748	0.00268137	0.0587114	0.00122634	0.200583	0.0677555	0.0180679	0.0110693	0.0119121	0.0426806	6.48521e-11	0.00507828	0.00356286	0.0720081	0.147869	0.0826191	8.90705e-05	0.167971	
0.0593892	0.0113873	0.018741	0.0220798	0.0169509	0.0255717	0.0332588	0.0557712	0.0922193	0.111366	0.0423345	0.044226	0.00998984	0.0738598	0.115126	0.102677	0.0652631	0.0677885	0.0190877	0.0129136	
0.0681684	0.0517085	0.0416007	0.0526738	0.00308303	0.00022218	0.00287329	0.0172355	0.0152105	0.0259846	0.0197918	0.0929061	0.0137042	0.173795	0.0380885	0.269662	0.0209447	0.0224353	0.000343965	0.069568	
0.107216	0.0216073	0.0226167	0.0307611	0.0647693	0.0259915	0.0443752	0.0591236	0.0433955	0.102083	0.030952	0.0204006	0.000943712	0.0310268	0.052194	0.065289	0.0320651	0.0692365	0.0490705	0.126883	
0.166775	0.0135764	0.00256917	0.00259214	0.000396189	0.0560243	0.0252019	0.0326952	0.00515694	0.133025	0.04112	0.00863118	0.320035	0.0120062	0.00175452	0.0331127	0.0368592	0.108304	3.68223e-05	0.000128154	
0.49106	0.158795	0.00245948	0.00319838	0.00165329	0.0185142	4.33296e-05	0.00430559	0.004637	0.0502248	0.00380714	2.25051e-05	7.94287e-06	0.00369069	0.0092928	0.00833467	0.157405	0.0811501	3.21098e-05	0.00136685	
0.00275552	0.0134237	0.0412211	0.00112563	0.164143	1.05491e-06	0.00340873	0.0145339	0.0144064	0.465725	0.0409972	0.00117709	0.0013033	0.017022	0.00111879	0.0102025	0.0189613	0.0071911	0.0289398	0.152343	
0.00707063	0.00351244	0.0411579	0.0105855	0.16683	0.00297972	0.000947954	0.107382	0.00274034	0.524162	0.0290564	0.00381366	0.00753475	0.0013022	0.00298396	0.00671066	0.00761203	0.0610603	0.00436144	0.00819583	
0.143973	0.062295	0.169852	0.0338647	0.00393219	0.00810307	0.00823357	0.013369	4.66558e-05	0.142971	0.0219284	0.00643865	0.000383733	0.0512162	0.0353457	0.0143034	0.00104602	0.0349637	0.0590752	0.188659	
0.0416466	4.28467e-06	0.0208762	0.092252	0.0586201	0.000785055	0.0692054	0.00671083	0.00429732	0.0678954	0.168223	0.00949461	0.185165	0.0192795	0.0459863	0.00658158	0.0357046	0.0603461	0.000358492	0.106568	
0.0135546	0.0115828	0.00841351	0.0680377	0.0524698	0.0113232	0.0316052	0.0321172	0.0116573	0.0396392	0.00347751	0.0252074	0.000378309	0.0165195	0.0400535	0.0297505	0.06893	0.0681057	0.122651	0.344526	
0.0323037	0.0246716	0.0207557	0.13399	1.81844e-06	0.00496002	0.0541082	0.0492044	0.0905839	0.0537464	0.0100959	0.014627	0.0465448	0.092314	0.102027	0.0677998	0.109912	0.0914798	0.000510851	0.000362338	
0.0440419	0.0364111	0.0256318	0.0156004	0.0516332	0.0490177	1.95878e-05	0.0666156	0.218846	0.139937	0.0201958	0.0239976	0.00354966	0.0363955	0.138879	0.0592199	0.00393113	0.0355842	1.2323e-07	0.0304918	
0.0431041	0.00228736	0.0579419	0.057405	0.0197005	0.0255829	0.0206491	0.00765969	0.0940489	0.0059421	0.00245735	0.0526264	0.000395451	0.10966	0.0834869	0.0873959	0.279177	0.015805	0.0152372	0.0194371	
0.044053	0.00279339	0.013504	0.0419472	0.0206117	0.0179677	0.0387487	0.00393623	0.0936666	0.0276835	0.0130506	0.110335	0.00673064	0.0586405	0.0942957	0.178203	0.198688	0.0068467	4.01031e-07	0.0282978	
0.00536572	0.0279183	0.00327936	0.0544835	0.0333269	0.0318238	0.0889427	0.0409241	0.0541016	0.191784	0.0362137	0.0311844	0.0135527	0.0928121	0.0719161	0.102266	0.0233493	0.0352126	7.29951e-08	0.061543	
0.0107193	0.00754683	0.00486238	0.000533251	0.0383653	0.00884916	0.000579532	0.0308641	0.010642	0.782454	0.0657489	0.000173257	6.60433e-05	0.00228673	0.00340018	0.000529949	0.008814	0.0135227	0.00690561	0.00313687	
0.0946259	0.00925616	0.0889795	0.0981587	0.0130543	0.0434453	0.128713	0.00419893	0.0572818	0.0159287	0.014818	0.0546678	0.0160957	0.0715462	0.055015	0.0764758	0.0495757	0.0256225	0.0545034	0.0280373	
0.037098	0.0514768	0.000281205	0.00834517	0.0104787	0.000369879	0.0100721	0.033087	0.00932133	0.023589	0.000111447	0.65212	0.000464973	0.000216047	0.000104847	0.0298195	0.0680782	0.0635523	1.00016e-07	0.00141302	
0.0206311	0.00303458	0.000131673	0.0154687	0.789224	0.0013902	0.0032229	0.0050046	0.00187326	0.0188484	0.0133545	0.00838379	0.000952746	0.0110485	0.00644935	0.0053851	0.000449264	0.00445055	0.00347701	0.0872193	
0.0810664	0.0437792	0.000113807	0.00349581	0.176322	0.0207237	0.000577064	0.107582	0.000226525	0.33318	0.0409127	0.00439952	0.00286641	0.00404863	0.00130692	0.0173704	0.0188995	0.139905	0.000579599	0.00264418	
0.0439733	0.00616389	0.0282827	0.346115	0.0116689	0.0396405	0.00610721	0.00822682	0.00727514	0.00544692	0.0271747	0.00335163	0.000639081	0.311831	0.00686647	0.101189	0.0117615	0.00473945	0.00932483	0.0202221	
0.00889727	0.00192743	0.00195264	0.00306926	0.00207549	0.00372833	0.00343502	0.00280633	0.0018589	0.000920694	0.000407282	0.000807438	0.00224548	1.78687e-05	0.00211307	0.952454	0.00751078	0.00271096	0.00103141	3.0613e-05	
0.121505	0.00189852	0.0198733	0.136626	0.00517952	0.263891	0.00295204	0.000226004	0.131359	0.0350486	0.0140531	0.0201552	1.11798e-08	0.0470084	0.00725218	0.0654195	0.0295867	0.0175379	2.53368e-05	0.0804029	
0.00330306	0.00895151	0.00512632	0.00086736	0.00241899	0.00282269	0.00236351	0.00842803	0.000753757	0.00841614	0.928482	4.73315e-05	5.62872e-07	0.00388221	0.00313632	0.00347941	0.000512876	0.00524983	0.00154343	0.010215	
0.0726184	0.0685879	0.0144505	0.0102456	0.00222138	0.0915106	0.00704973	0.264134	0.0013887	0.09279	0.23443	2.12207e-09	0.0117742	0.0132091	0.0168526	0.00551954	0.00118247	0.0141215	0.00126641	0.076647	
0.00500401	0.0020615	0.00570801	0.00041632	0.0310684	0.000478205	0.00490729	0.566093	0.000524217	0.225268	0.0132133	0.00168831	0.00303956	1.59478e-05	0.00487717	0.00108725	0.00143011	0.106839	0.00050153	0.0257784	
0.110108	0.00800216	0.0222334	0.00932045	0.000556627	0.0335455	0.0357366	0.00187629	0.00333116	0.376963	5.68145e-07	0.00281085	1.43451e-05	0.0165412	0.0326786	0.159219	0.000366795	0.0528044	0.0434374	0.0904535	
1.9471e-05	0.0288669	0.187341	0.00970476	0.00584246	0.0171693	0.0145547	0.345244	0.0112105	0.308287	0.0384337	0.00932661	0.000458243	0.000904343	0.000409867	0.00179395	0.0044151	0.00470847	0.00927118	0.00203887	
0.339229	0.0558626	0.0358428	0.0476801	0.0234338	0.0530426	0.0104453	0.00848288	0.00269103	0.0166374	0.00689933	0.00208762	0.173531	0.0137506	6.19528e-05	0.109078	0.0225505	0.0430053	0.0260522	0.009636	
0.0118985	0.00438654	0.013095	4.13751e-05	0.00169271	0.00026545	4.6086e-05	0.845822	0.00232892	0.0160421	0.010394	0.00202352	0.00484001	0.000193849	1.28687e-05	0.0010485	0.00370301	0.0713577	0.000859421	0.00994819	
0.238447	0.00293535	0.00179585	0.0355114	0.115026	0.00570057	0.0431675	1.73618e-05	0.00355112	0.0770713	0.0215353	0.0356266	0.00594744	0.107086	0.0587563	0.0675055	0.00601729	0.1039	0.0700808	0.000320767	
0.0348993	0.00173647	0.127471	0.0758319	0.022002	0.123191	0.0270707	0.000313715	0.183491	0.020075	0.00862485	0.115033	0.057824	0.0495545	0.0742654	0.0470532	0.0200278	9.75695e-05	0.0100854	0.00135169	
0.0760304	5.21848e-05	0.00165684	0.0450611	0.0171018	0.000516052	0.00705744	0.117797	0.218321	0.204225	0.0321827	0.000245245	0.00226336	0.0476516	0.140296	0.00268376	0.00676937	0.0566555	0.0140263	0.00940776	
0.0302435	0.00182401	0.00206187	3.52001e-06	0.11037	0.00722136	0.00370008	0.260325	0.00942765	0.233763	0.0182924	2.009e-07	0.0780708	0.0001539	0.0209739	0.0269797	0.0112101	0.154209	0.0280893	0.00308082	
0.0992633	0.0358705	1.16666e-05	0.00112439	0.0813948	0.0871415	2.1637e-06	0.103679	0.000288716	0.225459	0.0426739	3.69747e-06	5.78585e-10	0.00113139	0.00481292	0.0755037	0.0815323	0.147094	7.35809e-05	0.01294	
0.0086477	0.000203564	0.342736	0.0341616	0.0219612	0.387648	0.0107213	0.00335466	0.0337794	0.0126816	1.39837e-05	0.0613245	0.0154236	0.00771091	0.00106767	0.0249368	0.013541	0.00364983	3.62145e-05	0.0164001	
0.068083	0.0147956	0.00913661	0.114608	0.00312319	0.0174901	0.0925722	0.0774589	0.00713745	0.15986	0.0221443	0.00298912	0.00179135	0.126006	0.0372394	0.0437398	0.0670592	0.0620509	0.0631673	0.00954874	
0.00105492	0.00558397	2.13809e-06	1.61779e-05	0.00305098	0.00193006	1.41732e-06	0.00418138	0.00115019	4.76103e-05	6.76245e-05	0.00361768	2.52264e-05	1.25235e-05	6.20149e-06	0.00623289	0.00369483	0.967627	4.22716e-06	0.00169264	
0.00244338	2.8105e-05	0.00169172	0.000192255	0.000266641	8.41716e-07	0.965326	0.00103419	0.00322039	0.00197392	0.00305922	0.00412724	0.0023079	0.00182011	0.00184506	0.00124529	0.0013508	0.00265651	0.00136536	0.00404478	
0.268333	0.0386319	0.000384473	0.00393076	0.000123756	0.00265096	0.0148215	0.0152322	0.0154496	0.0443976	9.74479e-05	0.0157677	0.000558269	0.000327739	6.68444e-05	0.298015	0.19645	0.0687267	0.00188781	0.0141469	
0.614168	0.0683436	0.00224633	9.46816e-06	0.0327493	0.019576	0.00671187	0.0145381	0.00260248	0.0240917	0.00410502	0.00279993	6.47704e-05	0.000104426	0.00223191	0.117988	0.0189615	0.0350877	1.76594e-05	0.0336028	
0.0810649	0.00656098	0.00112997	1.11766e-06	0.0977395	0.0878562	0.00634897	0.0889809	0.0135535	0.117197	0.025338	0.00367436	3.37716e-05	0.000405212	0.0127227	0.0408332	0.026899	0.164191	0.0868911	0.138579	
0.126541	0.00304152	0.000346974	0.060594	0.0172997	0.074249	0.00134757	5.00073e-05	0.393292	0.00034645	0.0244651	0.0039036	0.0162958	0.0702359	0.0483642	0.0770987	0.0794462	0.00081815	0.000279441	0.00198542	
0.0311109	0.00696686	0.00275811	0.0905294	0.00011572	0.00044806	0.0248105	0.234057	0.152284	0.157289	0.0239421	0.00853729	7.81838e-06	0.0863676	0.0774441	0.0351316	0.0281658	0.0400101	2.19944e-05	1.50705e-06	
0.0710093	0.00056791	0.0971781	0.00381607	0.0866925	0.00648906	0.053006	0.0117794	0.0548588	0.316101	0.0285857	0.0775845	1.72654e-05	0.0361574	0.0569408	0.0198675	0.00477518	0.059324	0.00156286	0.0136869	
0.000829657	0.00122318	0.00169471	0.00884464	0.111728	0.0447998	0.00887204	0.0263542	0.00656496	0.338124	0.000117696	0.00213701	1.20533e-05	0.0006961	0.0197009	0.0430486	0.181401	0.000238954	1.47574e-07	0.203613	
0.0590663	5.18163e-05	0.00245434	0.0284268	0.00281641	0.000258438	0.0193437	0.0437772	0.00311671	0.412552	0.00376932	0.00385734	0.000849663	0.0143862	0.0128621	0.00201125	0.101481	0.0690683	0.0267298	0.193122	
0.159502	0.00888316	0.0213116	0.223338	0.0367045	0.00927674	0.184908	0.0159242	0.0523759	0.00519384	0.0373789	0.00091674	1.1569e-06	0.0524868	0.0828416	0.0254047	0.0573845	0.00421253	0.00243194	0.0195222	
0.00368462	0.958707	1.84634e-06	0.00513748	2.62439e-08	0.00279209	0.00118443	0.00214393	0.00269255	0.0051739	4.8074e-05	0.000168884	0.00137323	0.000353163	0.00144552	0.000741846	0.00283725	0.00765422	0.000670528	0.00318918	
0.036027	0.00325432	0.0259587	0.000386331	0.00199411	0.0129353	0.00199524	0.0148877	0.694015	0.0121363	0.000253869	0.00690031	0.00981398	0.00970505	0.127813	0.021185	0.012049	0.00774282	1.87353e-07	0.000947155	
9.02943e-05	0.0171983	0.00602014	0.225555	0.000399319	0.00938953	0.0305093	0.0851433	0.0144166	0.0353549	0.000374998	0.0110379	0.00503211	0.0641601	0.113758	0.00801104	0.121503	0.217869	0.00598968	0.0281879	
0.0157609	0.00342265	0.233884	0.108219	0.00472377	0.0109406	0.0102012	0.00980485	0.0811737	0.0129186	0.00546595	0.0231668	0.210414	0.019804	0.058721	0.14071	0.0298765	0.0158473	0.00321481	0.00173082	
0.555698	0.0121884	0.00186837	0.00282008	0.0056275	0.0485608	0.0319471	0.0148146	0.000392155	0.00955467	0.00126234	0.00775119	0.000209683	0.000273161	0.00360196	0.27295	0.0212541	0.000711974	6.78055e-08	0.00851351	
0.0207084	0.00542128	0.014782	0.000849094	0.00110713	5.01027e-05	0.000794391	0.00616942	0.355751	0.0346812	0.00710735	0.0411926	0.000245272	0.0470748	0.163926	0.130843	0.0928261	0.0164606	0.00231767	0.0576916	
0.122681	0.00305354	5.67885e-05	0.000538396	0.272384	0.0982062	0.0380911	0.0049441	0.0101447	0.0537894	0.00428625	0.0519586	0.00664287	0.0511719	0.0526524	0.0672871	0.0297057	0.0266506	0.00419665	0.101559	
0.138269	0.0370113	0.00238948	0.000250057	0.0615906	0.037699	8.74901e-05	0.154453	7.13149e-05	0.253812	0.0130107	0.000944222	0.00295611	0.00198073	0.000600626	0.0176279	0.0277595	0.223827	0.0137798	0.0118794	
0.0347239	0.00336595	0.00145017	2.34925e-05	0.107139	0.106627	0.0145265	0.00455457	0.025671	0.013261	0.0074188	0.00230101	0.00296078	0.00158936	0.0152343	0.00916062	0.0127759	0.00458417	0.000238211	0.632394	
0.106207	4.45485e-05	0.0427254	0.0743898	0.0440832	0.0788205	0.0382046	0.0463847	0.0393328	0.055665	0.0347791	0.0281441	0.0228449	0.0657352	0.0973849	0.0805492	0.0718761	0.0420411	2.8056e-09	0.0307878	
0.052256	0.0398344	0.026092	0.0277419	0.0363704	3.35869e-07	7.58542e-05	0.0390611	0.0173094	0.0216165	0.0160642	2.55e-05	0.00602961	0.0139836	0.0162676	0.136815	0.33927	0.177482	3.18651e-06	0.0337018	
0.049753	0.0189475	0.0399792	0.0566323	0.0437605	0.0169389	0.103632	0.0106567	0.122163	0.102029	0.0259925	0.0759051	0.00894127	0.0441083	0.0992414	0.0578797	0.0232744	0.0120482	0.019025	0.0690914	
0.13809	0.0548108	0.00581957	3.73996e-05	0.0203846	0.00167905	0.0123167	0.0303744	0.0355648	0.11448	4.18859e-06	0.00309382	2.94341e-07	0.0564464	0.0613755	0.0358661	0.00655412	0.355848	0.0555756	0.0116783	
0.0806608	0.0031624	0.0854482	0.0291056	0.0256894	0.00695529	0.0266989	0.0810536	0.0117335	0.158033	0.210299	0.0105312	0.0344421	0.0156146	0.0456975	0.0394316	0.0391092	0.0857672	0.0104059	0.000161334	
0.0247522	0.00684496	0.0189232	0.0687878	0.0146806	0.0176055	0.0153426	0.0341479	0.196016	0.0498756	0.013535	0.0199194	0.00104345	0.0930979	0.225963	0.0563196	0.0407278	0.0571301	0.00603946	0.0392472	
0.0409772	0.00754042	0.0117117	0.0050038	0.018287	0.00896718	0.00170385	0.255945	5.45751e-06	0.463449	0.0306963	0.000682345	0.0102832	0.00332455	0.000677087	0.00149185	0.0126025	0.0918515	0.0112362	0.0235638	
0.112518	0.000923479	0.0253236	0.00400186	0.0116642	0.064446	2.23031e-05	0.000183051	0.230784	0.00559243	8.1625e-05	0.019984	0.00425465	0.455112	0.0434164	0.00160198	0.0108049	0.0066144	0.000712244	0.00195889	
0.042844	0.0444553	0.0349758	0.00832465	0.00856879	0.000282905	0.00666908	0.308272	0.000760797	0.0779578	0.325535	0.000995378	0.00247977	0.000892105	0.00028781	0.00464849	0.0141986	0.111407	4.58621e-10	0.00644537	
0.0422231	0.01871	8.30438e-06	0.051428	0.000944234	4.92793e-06	5.27957e-05	0.129504	0.296878	0.101221	0.0173782	0.0137002	0.0115057	0.0544414	0.104562	0.0458595	0.0646061	0.0469405	1.05916e-17	3.16193e-05	
0.0244312	0.00209511	0.0015388	0.0466421	0.0486909	5.74331e-06	0.0334851	0.0675986	0.0393253	0.419451	0.0797248	0.00619379	4.52751e-06	0.034284	0.0622336	0.0104224	0.00970828	0.0551273	0.0118034	0.0472336	
0.0128109	0.0036513	0.000552666	0.00415036	0.0162644	6.23123e-05	0.0017741	0.131315	0.006093	0.710803	0.0211051	0.00224722	0.00402571	0.000449068	0.0126137	0.00296045	0.0104286	0.0496114	3.51478e-14	0.00908179	
0.0624593	0.026575	0.223655	0.0344679	0.0528665	0.00406184	0.0226116	0.0396634	0.0283928	0.0539841	0.014075	0.156833	2.05022e-05	0.0543705	0.111915	0.0411096	0.00785822	0.0501596	0.000339509	0.0145819	
0.00382432	0.0264689	0.00245811	0.00626881	0.00102152	0.0121014	0.0257144	0.0300274	0.00749293	0.0424758	0.0125022	0.0322161	6.50098e-06	0.0268874	0.0137029	0.0512691	0.601134	0.0881226	0.000211202	0.0160942	
0.01417	3.42262e-07	8.22556e-05	0.00431887	0.00528635	0.0134939	0.365975	0.0824031	0.0656974	0.048116	0.0242096	0.00991019	0.00389779	0.00317889	0.0299147	0.0435824	0.0789173	0.0932857	0.0152917	0.0982684	
0.187202	0.00578181	0.00931378	0.000390671	0.00512327	0.167305	0.010688	0.0115197	0.0310734	0.00535143	0.0141249	0.0264661	0.0202347	0.011291	0.0339348	0.405253	0.0289358	0.0225936	0.000728576	0.00268871	
0.00326967	0.00113015	9.40979e-06	0.00202814	0.00390303	0.0038533	0.00138185	1.71242e-05	0.964314	0.00240374	0.0011815	3.42445e-05	2.18438e-05	0.00147617	0.0106017	0.000222043	0.000105957	0.00149814	6.96862e-06	0.00254139	
0.0766744	0.00621165	0.000282199	0.0397767	0.0279043	1.11354e-05	0.0332347	0.02168	0.158935	0.0223617	0.000455516	0.0223606	0.0396261	0.0718804	0.106768	0.270435	0.0382343	0.0343381	0.0108535	0.0179771	
