CATGTRSBDP
1	1000	1000
1
1.8
0	0
0	0
WhelanD20_AA_mod_transform-00_states-20.phy
4
0
Universal

0
0
0
None
0
10	0
0
((((((Corticium_candelabrum:0.407576191299628,Oscarella_carmela:0.400055503602874):0.212988200758201,(Sycon_coactum:0.145676123381913,Sycon_ciliatum:0.0933954744969717):0.676739741645361):0.0580059817392679,((((Amphimedon_queenslandica:0.392976237081892,Petrosia_ficiformis:0.215141837106449):0.195012567275923,(((Tethya_wilhelma:0.240680102052276,((Crella_elegans:0.125596652654603,Kirkpatrickia_variolosa:0.0926605764514755):0.0460303192687892,Latrunculia_apicalis:0.129157140253164):0.146658837346594):0.0275313686204328,Pseudospongosorites_suberitoides:0.25366559267127):0.101136283424081,(Spongilla_alba:0.116904027691167,Ephydatia_muelleri:0.056030223340577):0.308198289465722):0.0440577776814463):0.117225981981263,(Ircinia_fasciculata:0.437176700291503,Chondrilla_nucula:0.615211813362289):0.0572942953441054):0.110309177709979,((Aphrocallistes_vastus:0.181449573931979,(Rossella_fibulata:0.0938106527321403,Sympagella_nux:0.0781318159456677):0.131791828588763):0.26945412947173,Hyalonema_populiferum:0.694991748927695):0.794457907877964):0.0971877155580384):0.0406634042978864,(Trichoplax_adhaerens:0.7721348502073,((((Aurelia_aurita:0.259308092577295,Periphylla_periphylla:0.231734449885275):0.0677268735060997,((((Agalma_elegans:0.0594522179058266,Nanomia_bijuga:0.111474679992091):0.0535480394826731,(Abylopsis_tetragona:0.167485283420343,Craseoa_lathetica:0.0778388503414401):0.0442366941660014):0.0533904533282736,Physalia_physalis:0.147515332804041):0.107643642710925,(Hydra_viridissima:0.0729632040842782,(Hydra_oligactis:0.0408665549507608,Hydra_vulgaris:0.0243496432233895):0.0356591256778313):0.215910624595639):0.22827019083949):0.188095853810277,(Eunicella_verrucosa:0.402116148173176,((Nematostella_vectensis:0.181991533440909,((Aiptasia_pallida:0.128860776133957,Hormathia_digitata:0.0849853670624567):0.0165238409711816,Bolocera_tuediae:0.128255473171826):0.0637232079064601):0.0914468306742108,(Acropora_digitifera:0.114908562694334,Platygyra_carnosa:0.881768429624993):0.114482962854463):0.0854869278051076):0.052155523578925):0.0810268483409431,((Strongylocentrotus_purpuratus:0.44770830447448,Saccoglossus_kowalevskii:0.321601556742061):0.0522871593397434,(((Priapulus_caudatus:0.424753848550884,(Lithobius_forficatus:0.295796291223653,(Drosophila_melanogaster:0.668422703669207,Daphnia_pulex:0.441451859956082):0.107001588970447):0.0833925463972311):0.0267411509424877,((Hemithiris_psittacea:0.348400043887972,Tubulanus_polymorphus:0.362114498571169):0.0244525186675089,(Lottia_gigantea:0.366434165363032,Capitella_teleta:0.398559312460828):0.0311070069298695):0.0647366084138548):0.0484978748610289,(Petromyzon_marinus:0.285529549381703,(Danio_rerio:0.152095613406399,Homo_sapiens:0.169001063423757):0.0830563085110618):0.206858687127433):0.0113978335212729):0.10046434282694):0.0194768613424719):0.0327287258481393):0.0425241549673643,(Euplokamis_dunlapae:0.254078971918187,((Coeloplana_astericola:0.188183296553707,Vallicula_sp:0.149199780800451):0.141461837161345,((Pleurobrachia_atlantica:0.0103499277334093,Pleurobrachia_bachei:0.185722337806018):0.267387872427495,(Dryodora_glandiformis:0.184363662673056,(Beroe_abyssicola:0.155243433847855,((Mertensiidae_sp:0.0467450348028344,Bolinopsis_infundibulum:0.0518951107862331):0.0889164767814296,Mnemiopsis_leidyi:0.113660097904289):0.0218887993306335):0.0210667460554139):0.0366350444115218):0.0550530704238523):0.160631395581313):1.01494837141546):0.26589073872013,(((Spizellomyces_punctatus:0.661814969705466,(Allomyces_macrogynus:1.27233999846057,(Rhizopus_oryzae:0.664991858852911,Mortierella_verticillata:0.513243571379179):0.140245005989199):0.0619239925683644):0.597282258905775,(Amoebidium_parasiticum:0.462904960671049,Sphaeroforma_arctica:0.903511950782594):0.362510288963684):0.0516017378314403,(Capsaspora_owczarzaki:0.848917100254471,Ministeria_vibrans:1.18840667435538):0.125457317902327):0.107625199581215,(Salpingoeca_rosetta:1.33645613739178,Monosiga_ovata:1.12281043462562):0.490743479013165);
((((((Corticium_candelabrum:0.407576191299628,Oscarella_carmela:0.400055503602874):0.212988200758201,(Sycon_coactum:0.145676123381913,Sycon_ciliatum:0.0933954744969717):0.676739741645361):0.0580059817392679,((((Amphimedon_queenslandica:0.392976237081892,Petrosia_ficiformis:0.215141837106449):0.195012567275923,(((Tethya_wilhelma:0.240680102052276,((Crella_elegans:0.125596652654603,Kirkpatrickia_variolosa:0.0926605764514755):0.0460303192687892,Latrunculia_apicalis:0.129157140253164):0.146658837346594):0.0275313686204328,Pseudospongosorites_suberitoides:0.25366559267127):0.101136283424081,(Spongilla_alba:0.116904027691167,Ephydatia_muelleri:0.056030223340577):0.308198289465722):0.0440577776814463):0.117225981981263,(Ircinia_fasciculata:0.437176700291503,Chondrilla_nucula:0.615211813362289):0.0572942953441054):0.110309177709979,((Aphrocallistes_vastus:0.181449573931979,(Rossella_fibulata:0.0938106527321403,Sympagella_nux:0.0781318159456677):0.131791828588763):0.26945412947173,Hyalonema_populiferum:0.694991748927695):0.794457907877964):0.0971877155580384):0.0406634042978864,(Trichoplax_adhaerens:0.7721348502073,((((Aurelia_aurita:0.259308092577295,Periphylla_periphylla:0.231734449885275):0.0677268735060997,((((Agalma_elegans:0.0594522179058266,Nanomia_bijuga:0.111474679992091):0.0535480394826731,(Abylopsis_tetragona:0.167485283420343,Craseoa_lathetica:0.0778388503414401):0.0442366941660014):0.0533904533282736,Physalia_physalis:0.147515332804041):0.107643642710925,(Hydra_viridissima:0.0729632040842782,(Hydra_oligactis:0.0408665549507608,Hydra_vulgaris:0.0243496432233895):0.0356591256778313):0.215910624595639):0.22827019083949):0.188095853810277,(Eunicella_verrucosa:0.402116148173176,((Nematostella_vectensis:0.181991533440909,((Aiptasia_pallida:0.128860776133957,Hormathia_digitata:0.0849853670624567):0.0165238409711816,Bolocera_tuediae:0.128255473171826):0.0637232079064601):0.0914468306742108,(Acropora_digitifera:0.114908562694334,Platygyra_carnosa:0.881768429624993):0.114482962854463):0.0854869278051076):0.052155523578925):0.0810268483409431,((Strongylocentrotus_purpuratus:0.44770830447448,Saccoglossus_kowalevskii:0.321601556742061):0.0522871593397434,(((Priapulus_caudatus:0.424753848550884,(Lithobius_forficatus:0.295796291223653,(Drosophila_melanogaster:0.668422703669207,Daphnia_pulex:0.441451859956082):0.107001588970447):0.0833925463972311):0.0267411509424877,((Hemithiris_psittacea:0.348400043887972,Tubulanus_polymorphus:0.362114498571169):0.0244525186675089,(Lottia_gigantea:0.366434165363032,Capitella_teleta:0.398559312460828):0.0311070069298695):0.0647366084138548):0.0484978748610289,(Petromyzon_marinus:0.285529549381703,(Danio_rerio:0.152095613406399,Homo_sapiens:0.169001063423757):0.0830563085110618):0.206858687127433):0.0113978335212729):0.10046434282694):0.0194768613424719):0.0327287258481393):0.0425241549673643,(Euplokamis_dunlapae:0.254078971918187,((Coeloplana_astericola:0.188183296553707,Vallicula_sp:0.149199780800451):0.141461837161345,((Pleurobrachia_atlantica:0.0103499277334093,Pleurobrachia_bachei:0.185722337806018):0.267387872427495,(Dryodora_glandiformis:0.184363662673056,(Beroe_abyssicola:0.155243433847855,((Mertensiidae_sp:0.0467450348028344,Bolinopsis_infundibulum:0.0518951107862331):0.0889164767814296,Mnemiopsis_leidyi:0.113660097904289):0.0218887993306335):0.0210667460554139):0.0366350444115218):0.0550530704238523):0.160631395581313):1.01494837141546):0.26589073872013,(((Spizellomyces_punctatus:0.661814969705466,(Allomyces_macrogynus:1.27233999846057,(Rhizopus_oryzae:0.664991858852911,Mortierella_verticillata:0.513243571379179):0.140245005989199):0.0619239925683644):0.597282258905775,(Amoebidium_parasiticum:0.462904960671049,Sphaeroforma_arctica:0.903511950782594):0.362510288963684):0.0516017378314403,(Capsaspora_owczarzaki:0.848917100254471,Ministeria_vibrans:1.18840667435538):0.125457317902327):0.107625199581215,(Salpingoeca_rosetta:1.33645613739178,Monosiga_ovata:1.12281043462562):0.490743479013165);
1
3.99352
0.953889
5000
206.091
0.780034	0.279971	0.400735	0.455297	0.387364	0.355312	0.376582	0.502814	0.539081	0.707316	0.386572	0.380165	0.24662	0.435168	0.471879	0.705319	0.572018	0.697098	0.152788	0.383658	

1.0532	0.474865	0.952145	0.187819	3.78207	0.395798	0.34859	0.462121	0.432571	0.807829	0.601786	2.11064	0.817004	0.313434	5.5766	3.79402	2.83796	0.0688438	0.13408	0.164337	0.17248	1.34968	1.81504	1.07282	0.529687	0.191414	0.549527	0.575905	1.6303	0.679752	0.565829	1.21852	7.05974	1.73316	0.918211	1.13371	1.47217	5.49591	0.0049907	1.37909	0.754205	0.0027551	0.284799	0.00395581	0.00385348	3.68513	0.188235	0.449793	0.0963403	0.768854	0.476855	0.120184	0.0164851	0.125072	0.0462775	0.905551	0.360396	0.153864	0.683405	0.182913	0.287871	0.746462	0.300428	2.47518	0.189465	0.571071	0.47351	0.478483	0.0475268	0.037263	0.262192	1.13059	0.731458	0.0371374	1.73459	0.906004	0.264418	0.145684	0.0596088	0.0408252	0.472326	0.301229	0.717922	0.813748	6.23481	0.693224	0.214618	0.497907	0.175951	0.174575	1.29359	0.302357	0.636591	0.747176	3.43053	0.59298	0.377101	0.162078	0.085802	0.192406	0.55256	0.888	0.306504	5.92627	0.955233	5.43363	1.97505	0.786324	0.754708	0.191391	0.269886	5.13826	0.322222	2.74322	4.56702	0.797887	0.219257	0.300962	0.174495	0.373341	2.20137	8.68523	0.175525	0.265561	0.269683	0.746909	2.25584	0.319825	2.05163	4.83283	0.744854	1.09809	0.307754	0.055081	0.0514465	4.84073	0.226497	0.517253	1.22791	0.347434	0.521616	0.559318	1.84128	0.508289	0.328533	0.445846	0.217037	1.16673	0.493395	0.850154	2.91181	2.26213	0.416373	0.301022	0.279168	1.47657	0.558447	5.23361	2.81287	0.321984	0.163483	0.579973	1.10405	0.477463	1.69417	1.04191	0.442207	0.101734	0.0645084	1.95947	1.08155	1.16964	0.564276	0.223494	0.212247	0.710635	0.64786	0.214968	0.418163	0.0489248	7.02752	0.461113	0.360345	0.420254	1.97511	0.093769	0.0982583	0.0854334	0.192172	0.803937	

0.0783102	0.00517094	0.0747993	0.140745	0.0206673	0.0314085	0.0244296	0.0160985	0.100775	0.0466301	0.0253622	0.0330652	0.00444948	0.127279	0.0725495	0.0896884	0.0392214	0.0275925	0.0194692	0.0222898	
0.130737	0.00739672	0.0383965	0.0266329	0.0265777	0.126424	0.114261	0.0039387	0.0438556	0.0832885	0.0258747	0.0209472	0.000175118	0.0253749	0.0365222	0.186729	0.0244183	0.0191215	1.0381e-05	0.0593181	
0.0622759	0.0248341	0.00204919	0.00025464	0.187643	0.0289964	0.00027596	0.131388	1.14352e-05	0.330268	0.0418613	0.00344712	0.00102549	0.00240385	5.55845e-05	0.00895378	0.0178925	0.143422	0.00272402	0.0102175	
0.103579	0.000556334	0.0755354	0.0909316	0.0165058	0.0755797	0.0174286	0.0403698	0.0745361	0.0641032	0.0178113	0.0476145	0.0415509	0.0556905	0.054735	0.0891369	0.0662258	0.0565161	0.000104141	0.0114899	
0.0546301	0.0112423	0.00680795	0.0097826	0.0206247	0.0015304	0.213335	0.00621438	0.0371382	0.0102851	0.00134227	0.34734	0.0338454	0.0262715	0.0186935	0.0508293	0.0179786	0.0501236	1.48614e-05	0.0819701	
0.094526	0.00128429	0.117134	0.300974	0.0102717	0.0161887	0.0172793	0.0296071	0.0608171	0.0306791	0.0124747	0.0299647	0.0231336	0.0527503	0.0198914	0.0753396	0.0556365	0.0478075	0.000227147	0.00401318	
0.0113479	0.00782068	0.000851074	1.34587e-05	0.0255334	0.00195052	0.000470489	0.402443	0.00210359	0.0694872	0.0128303	0.00135435	0.00174505	0.00022508	2.53828e-06	0.00264779	0.0112156	0.43624	3.20403e-06	0.0117152	
0.00678937	0.00171856	0.0166498	0.00766752	0.873413	0.00133389	0.000598064	0.0124569	0.00323302	0.0124449	0.00472604	0.00301806	0.00211565	0.00017218	0.023372	0.00160714	0.00133861	0.00516529	0.0145833	0.0075972	
0.103876	0.0470677	1.24537e-05	0.0016862	0.0589682	0.0761754	0.00202496	0.0926487	0.000114653	0.253996	0.0467022	1.77414e-05	0.00152103	0.00178655	0.00303056	0.0800373	0.0918662	0.130855	3.15409e-06	0.00760991	
0.0468723	0.012357	0.0391129	0.0553505	0.0621388	0.0338688	0.0268884	0.0529438	0.0643744	0.106176	0.0306404	0.0351891	0.0391123	0.0462438	0.0540078	0.0623567	0.0608024	0.0736834	0.036881	0.0609998	
0.00060058	0.00181967	0.00745455	0.000470186	0.241436	0.0201201	0.00580756	0.0231354	0.0273594	0.00559956	2.50645e-07	7.07e-05	0.00880617	0.00228015	0.0323547	0.00799654	0.00383815	0.0317386	0.0129148	0.566197	
0.0852815	0.00420882	0.0948171	0.0879618	0.00718489	0.0653311	0.0128597	0.00578086	0.128798	0.020439	0.00328136	0.0736565	0.0133266	0.0713349	0.0290938	0.197322	0.076696	0.0151058	0.000590967	0.00692887	
0.0695684	9.62106e-06	0.485128	0.156122	0.00825587	0.0234034	0.0032125	0.0264575	0.0153336	0.0132369	0.0029933	0.0289145	0.0222213	0.018956	0.00358946	0.0681218	0.0234482	0.0162021	0.0134665	0.00135875	
0.0229623	0.00260744	0.00017339	0.000336416	0.0237278	0.000724054	0.000907282	0.601432	0.000103771	0.0689663	0.0224801	5.55679e-05	3.03413e-07	0.000641841	0.016698	0.0100904	0.00468895	0.22214	4.47846e-09	0.00126424	
0.00258133	0.00214074	0.00681948	0.000725126	7.88974e-05	0.0020892	0.0025739	0.000646078	0.00202312	0.00276525	0.00201393	0.000916948	0.000152522	0.964322	0.00208583	0.0019273	0.0024945	0.000525856	0.000806476	0.00231193	
0.00439549	0.0012879	0.00573634	0.00707512	0.00303562	0.00801412	0.000269764	0.00428601	0.000824271	0.00362078	0.00317326	0.000806102	0.936614	0.00104513	0.00323223	0.00210923	0.0035265	0.00467221	0.000581022	0.00569493	
0.477682	0.0179871	0.00608161	0.00242117	0.00233657	0.0460769	0.0273658	0.00748456	0.0184988	0.00321725	0.00181005	0.0145087	0.0106399	0.000341241	0.000226925	0.312495	0.014405	0.00024867	0.0137971	0.0223759	
0.137926	0.0645342	0.015307	0.0291548	0.0319243	0.00907923	0.0194817	0.0384096	0.0268647	0.206427	0.0712869	0.0418614	5.36614e-10	0.0633572	0.000813879	0.118701	0.0405314	0.0413398	0.00440903	0.0385908	
0.0448376	0.252852	0.0127581	0.00176325	0.149608	0.0717996	0.00923175	0.0655019	0.00581422	0.0432021	0.0133401	0.00426249	0.00531562	0.00198085	0.0019387	0.115311	0.161163	0.022165	0.000241251	0.0169134	
0.107815	0.0255875	0.000417084	0.000849929	0.0824606	0.0434706	1.15385e-06	0.0534223	0.00465976	0.495954	0.0518494	0.00188764	0.0119487	3.43961e-06	0.0132093	0.020326	0.0147386	0.0511129	0.0122708	0.00801578	
0.0252934	0.0128732	0.00362454	0.0230491	0.278007	0.0156798	0.0122051	0.216399	0.00177627	0.170575	0.0306814	0.00259335	0.0124772	0.00131905	0.00459104	0.0227707	0.0165652	0.108904	0.0124415	0.0281731	
0.130509	0.00097677	0.0917455	0.0670283	4.00356e-05	0.0197385	0.013862	0.000144482	0.354629	0.00434598	0.0151224	0.0136897	0.003573	0.0384362	0.101106	0.124171	0.0037853	0.000187715	0.00273698	0.0141723	
0.00161598	0.0304208	0.000263272	0.192495	0.00116794	0.00631365	0.0233459	0.039413	0.0812267	0.0426013	0.000808722	0.0271066	0.0129633	0.0795918	0.351338	0.0649265	0.0129933	0.029581	0.000607591	0.00121945	
0.0506796	0.0999511	0.000305917	0.0106992	2.76802e-05	0.00474488	0.0101934	0.0583565	0.054501	0.0811737	0.0390733	0.0286604	0.138053	0.000909244	0.0584761	0.0701655	0.12567	0.158941	0.0044906	0.00492809	
0.939724	0.00767723	0.00132739	8.6246e-05	0.000460446	0.00659737	0.000336409	0.00143029	0.00111846	0.00251837	0.000200434	0.00046781	0.000682672	0.000218774	0.00494974	0.0190649	0.00229723	0.00477472	1.72204e-07	0.00606691	
0.081261	0.0115053	9.37552e-05	0.0240803	0.0312869	0.0351216	0.0335872	0.0452641	0.100058	0.0911037	0.0552586	0.0508666	0.0129758	0.071675	0.128675	0.102249	0.0516762	0.0501535	0.0125004	0.0106075	
0.0130992	0.0226645	0.00154058	0.000189584	0.00591569	0.00310522	0.000340115	0.0749858	0.000100211	0.0235792	0.00410597	6.65431e-07	0.000992637	0.000182706	0.00175939	0.00496485	0.0134032	0.828212	3.79047e-06	0.000854601	
0.0625826	2.62591e-06	0.00425283	0.0994412	0.0129292	0.00739788	0.212976	0.00212052	0.0840122	0.0171303	2.61706e-06	0.0488044	0.00967854	0.0485516	0.250105	0.00153318	0.00511499	0.0254266	0.0633765	0.0445606	
0.0117825	0.00384456	0.453754	0.0336215	0.00939404	0.00667126	0.0210185	0.00253009	0.0381167	0.00437684	1.12824e-05	0.164004	0.00101054	0.0493376	0.0532246	0.124553	0.0111358	0.00751378	0.00396809	0.00013153	
0.0368784	0.000213736	0.054803	0.0334413	0.00703282	0.0350898	0.0140944	0.0099847	0.0315518	0.00103468	0.00168068	0.0493123	0.561834	0.0509828	0.0223962	0.0577562	0.0252281	0.00460365	3.09528e-09	0.00208142	
0.0423134	0.019769	0.000120047	0.0156956	0.080476	0.0321378	0.0313184	0.0534023	0.156174	0.0546614	0.0198579	0.0211232	0.00344072	0.0150054	0.221507	0.0175805	0.0041266	0.0615448	0.0295359	0.120209	
0.0255408	0.00475764	0.0053515	3.3582e-05	0.0159812	7.19336e-05	0.00438348	0.0993283	0.000244895	0.451093	0.00173424	0.000297412	0.000272561	0.00737832	0.00497957	0.00768217	0.00640114	0.338459	0.0247014	0.00130795	
0.172572	3.94588e-07	0.0149238	0.149392	0.000596936	0.0809962	0.0148129	0.000581277	0.308694	0.0499421	8.42157e-07	7.33033e-05	3.58313e-05	0.12918	0.0157787	0.0310023	0.00369971	0.00122499	0.0253767	0.00111678	
0.016157	2.73997e-05	0.286802	0.466173	0.00122344	0.0151433	0.0106269	0.00684429	0.0267069	0.000668968	0.00365617	0.0284951	0.0285537	0.0163557	0.00373969	0.0527855	0.00295565	0.00947594	0.0224976	0.00111132	
0.109957	0.0443922	0.00487549	0.010712	0.0385569	0.0127422	0.00259759	0.158329	9.02947e-06	0.0496347	0.0288844	0.000797657	2.17777e-07	0.00066234	0.0146296	0.0264751	0.03988	0.455915	5.51318e-06	0.000944303	
0.300561	0.000347191	0.0722537	0.0821135	0.236287	0.00110178	0.0076852	0.00269017	0.040284	0.0725443	0.0190495	0.0172536	0.000131949	0.000775251	0.046741	0.0473023	0.0111331	0.0387156	4.95255e-08	0.00302967	
0.00323778	0.0384704	0.0107674	0.0341042	0.00960808	1.35123e-05	0.00033243	0.152535	0.110422	0.242381	0.107641	0.0199695	0.000466647	0.0161389	0.0723726	0.00807017	0.0560535	0.066295	0.000502528	0.0506181	
0.087754	0.00296388	0.0265289	0.193364	0.0091726	0.0127747	0.00798188	0.055919	0.141082	0.120808	0.0192029	0.0154119	0.0081056	0.0693893	0.0997429	0.02652	0.0407456	0.0515943	3.60506e-05	0.0109014	
0.000259476	0.00906383	0.000338963	0.00430842	0.0393786	0.0245953	0.00883197	0.0317369	0.0132418	0.25277	0.262314	7.34063e-07	0.0251129	0.0387771	0.00440848	0.000953371	0.000760544	0.0256804	0.159748	0.0977197	
0.0615484	0.0212718	0.00263895	0.0110348	0.0787123	0.0526891	0.00499806	0.0508356	0.00610423	0.249423	0.0288865	0.0012359	0.0570991	0.000906929	0.0355143	0.0494891	0.0287308	0.126065	0.079471	0.0533452	
0.0483098	0.010815	0.0767285	0.102432	0.0122082	0.0198808	0.044784	0.0243296	0.102646	0.0581584	0.020921	0.0905368	0.00139752	0.0691171	0.0794209	0.108974	0.0721475	0.0363381	0.00512754	0.0157272	
0.00596426	4.30117e-07	0.00135156	0.0442154	0.00360242	0.000748089	0.0429218	0.249672	0.180375	0.0340977	0.0121873	0.0246585	1.77507e-06	0.0611548	0.115605	0.00227452	0.0117511	0.195097	0.00269935	0.011622	
0.00579285	0.000149965	0.000895341	0.00390454	0.00472516	0.0028277	0.000745777	0.00324553	0.00028473	0.00453453	0.000950782	0.0026375	0.00423325	0.00095282	2.38465e-06	0.01368	0.941155	0.0022846	0.00335414	0.00364335	
0.120963	0.043686	0.00160322	0.0419607	0.0378636	0.0223901	0.0161584	0.0346753	0.0507985	0.140127	0.0108717	0.00668801	0.083845	3.24812e-05	0.150191	0.0386253	0.00276366	0.07971	4.17262e-05	0.117006	
0.0118071	0.0138031	0.00384798	0.000926632	0.0218186	0.00228921	0.000890688	0.292612	0.00912168	0.316236	0.0284225	0.00651899	0.00160854	0.000463599	0.00857929	0.00197817	0.0182549	0.258412	0.00044151	0.00196687	
0.181905	0.00144979	0.135733	0.0912644	0.00706072	0.0160267	0.0261113	0.0173497	0.116191	0.0515216	0.0177385	0.0407683	2.07945e-05	0.0241723	0.0442785	0.134273	0.0582535	0.0327349	0.00301551	0.000132051	
0.00533952	4.88616e-05	0.443841	0.00241054	0.0173645	3.63493e-05	0.000451011	0.260107	0.0027689	0.132486	0.0742477	0.000440139	8.21504e-06	0.00354856	0.00670814	0.000247959	0.00214793	0.0338278	2.55106e-08	0.0139689	
0.0305786	0.0170972	0.0153014	0.099382	0.0159871	0.00841701	0.0188416	0.108024	0.0690661	0.0634387	0.00732915	0.022893	0.0261342	0.0487446	0.104265	0.0432182	0.123154	0.160316	3.55373e-06	0.0178091	
0.0116886	0.00608295	0.0531174	0.00400057	0.15085	0.000985898	0.00143539	0.130013	9.17341e-05	0.511476	0.0333249	0.00076614	0.00494377	0.00090463	0.00213835	0.00543772	0.00822469	0.0458094	0.0205679	0.00814064	
0.0308809	0.000792603	0.0291731	0.0373114	0.0294498	0.00208424	0.0275821	0.0666517	0.0507635	0.377923	0.0633052	0.0140044	2.70532e-07	0.0286589	0.0803015	0.00861946	0.0044696	0.0903818	0.0158444	0.0418022	
0.0784955	0.00540712	0.0635291	0.0251265	0.0160146	0.0346424	0.023688	0.0307364	0.0896567	0.0361505	0.0124844	0.0617954	0.157089	0.0611325	0.0378623	0.121462	0.0929245	0.0461077	0.00161543	0.00407947	
0.0830426	0.0148014	0.000188231	0.0478542	0.00113463	0.0104468	0.000361174	0.0021726	0.00749384	0.00882196	0.00178636	0.00963778	0.00079465	0.00240341	0.00944443	0.762835	0.0339785	0.0027338	1.19123e-06	6.70765e-05	
0.0477514	0.00825737	0.0324459	0.00566954	0.141019	0.00378985	0.0720571	0.0443865	0.048773	0.270215	0.0128862	0.00498256	1.34999e-05	0.0113799	0.0261659	0.0295654	0.037536	0.0851235	0.090531	0.027451	
0.00716127	0.951151	0.00136171	0.00307153	0.000130132	0.00146729	0.00317183	0.000151469	0.0036715	0.00678336	0.00388904	1.48538e-05	0.0026803	0.00010031	0.00160273	0.000679872	0.00100597	0.00980382	0.000943112	0.00115919	
0.0481238	0.000415542	0.0931517	0.107398	0.0148237	0.0495327	0.0174401	0.0081064	0.174733	0.0213012	0.00811502	0.0468876	0.042482	0.0511026	0.154025	0.0865085	0.0305897	0.0194947	0.00991945	0.0158481	
0.193632	0.0168587	0.000347198	1.98537e-05	0.196835	0.0845359	0.00233635	0.0859052	0.000424519	0.0842925	0.0186995	2.42278e-06	0.00658991	0.00181101	0.000870234	0.0696097	0.0975292	0.116227	0.0166656	0.00680798	
0.00581211	0.00134726	0.0302701	1.14441e-06	0.00868198	0.00160254	0.000167185	0.0104715	2.18958e-05	0.915053	0.00752222	0.00059734	0.00129222	0.00039938	0.00153414	0.000549473	0.00398629	0.00300986	8.86907e-05	0.00759159	
0.0101582	0.184098	0.0640775	0.000368595	0.000761295	2.3284e-05	0.00792245	0.0880074	0.0404365	0.0868284	0.135717	0.00410293	4.2164e-10	0.0227624	0.0044138	0.14267	0.00992114	0.172492	0.0252383	4.68649e-08	
0.0291964	0.00240173	0.0222488	0.00913228	0.0138133	2.48492e-05	0.00224645	0.000187952	0.00118589	0.000483805	2.50396e-05	0.0064664	0.00114986	2.49469e-05	0.00201962	3.42396e-05	0.0071539	0.00126312	0.888342	0.012599	
0.31795	0.0922087	0.00517305	0.0226197	0.0238273	0.00565747	0.000797366	0.00529157	0.0187748	0.00880866	0.0133681	2.5932e-05	4.14098e-06	0.00167951	0.00345405	0.30825	0.040224	0.0872509	3.35355e-11	0.0446344	
0.0250263	0.00582608	0.0240768	0.0180522	0.121235	0.00304668	0.0143059	0.187228	0.00129467	0.219348	0.0508093	0.0129744	0.00111022	0.000277842	0.0400947	0.0178892	0.0476009	0.0665622	0.0430274	0.100214	
0.00499142	0.00216416	0.00196912	0.000490697	0.000606536	0.0037639	0.00338812	0.00150145	0.00186433	0.00255194	0.00606089	0.952036	0.00104171	0.00340314	0.00198356	0.00544199	0.0029132	0.0028723	0.000128901	0.000826952	
0.00384207	0.00158972	0.660457	0.000278475	0.017266	0.00179483	0.000223626	0.0133623	0.00158201	0.204688	0.0674613	0.00369409	0.00674859	0.000207769	0.0110354	0.0035622	0.0011739	0.000140382	3.17986e-06	0.000888744	
0.0183436	0.0128605	0.0166993	0.191795	0.00054854	0.00386507	0.0235522	0.0617331	0.121163	0.0800563	0.0389214	0.0148961	0.000547172	0.198324	0.0560719	0.0508535	0.0676926	0.0391623	7.88557e-05	0.00283551	
0.0742568	0.00067513	0.165481	0.155699	0.0233691	0.00572806	0.000303307	0.0493566	0.0521116	0.022148	0.0337698	0.00354021	0.00326165	0.075546	0.023974	0.0406042	0.105206	0.141067	3.59712e-06	0.0238998	
0.0734386	0.0452742	0.220784	0.0243364	0.0210333	0.00555431	0.0293341	0.00507396	0.0132109	0.053591	0.0929553	0.0629611	0.0151944	0.0610608	0.113433	0.0485462	0.017428	0.0543355	0.0135617	0.0288927	
0.155994	0.000142441	0.0405248	0.0766801	0.0337964	0.0190534	0.0197392	0.021321	0.0973292	0.153994	0.0447549	0.0557644	0.00193687	0.0840933	0.0705904	0.0630461	0.0192248	0.0217201	0.00467736	0.0156179	
0.0855126	0.00582656	0.0232897	0.0281343	0.000228468	0.0326014	0.0257298	0.0418659	0.0504918	0.0369329	0.0643507	0.0437271	0.0108616	0.280118	9.39159e-05	0.0950725	0.0790995	0.0769104	1.44396e-05	0.0191387	
0.0443251	0.0705183	0.0417207	0.0203807	0.133719	0.0175822	0.0295054	0.0689238	0.0428392	0.0249422	0.00251379	3.7498e-05	0.00368691	0.0130225	0.136724	0.0953365	0.0892074	0.101626	1.02774e-07	0.0633882	
0.167649	0.026439	0.001558	3.68805e-05	0.0888754	0.079217	0.000496197	0.0954025	0.000123929	0.232626	0.0222044	0.0033247	0.00726228	0.00195202	0.00201179	0.0255561	0.0381146	0.20349	0.00314163	0.000517622	
0.0179922	0.000649641	0.0302426	0.00117129	0.110324	0.000999829	3.99917e-09	0.284853	0.0117449	0.213733	0.0128675	0.000654597	0.0766002	0.00762995	0.0141368	0.0124096	0.00618743	0.171872	0.0238776	0.0020544	
0.0224339	0.000604812	0.0120108	0.163393	0.532553	0.00134865	0.0110758	0.0609876	0.0028284	0.00664074	0.0157339	0.0183762	2.64063e-06	0.0679934	0.00340805	0.00104912	0.00878007	0.0123822	0.000871346	0.0575267	
0.0493942	0.00178219	0.175547	0.158173	0.00609714	0.0199043	0.00110123	0.0908407	0.00718882	0.248916	0.00061802	0.00777951	0.0213013	0.0181707	0.0222244	0.0330341	0.0388835	0.0775039	2.13716e-08	0.0215406	
0.00815916	0.00118844	0.0340313	0.02763	0.00529744	0.726115	0.00308063	1.69119e-05	0.0516929	0.0176855	0.0176021	0.0397759	0.00949099	0.00842259	0.0121546	0.00787333	0.00845707	0.00383395	3.48731e-09	0.017492	
0.065261	0.0393778	0.00551371	0.00331725	0.0646481	0.000545777	0.186135	0.0249091	0.00802602	0.0147362	0.00454231	0.0364685	5.04746e-11	0.00896256	0.00670884	0.144534	0.097348	0.120078	0.0135452	0.155343	
0.114495	0.004225	0.0737844	0.140385	0.000919477	0.0346158	0.0134679	0.00642534	0.102239	0.0311041	0.00561571	0.0383213	0.162905	0.0547395	0.0203601	0.129818	0.0407955	0.0188739	2.17735e-06	0.00690706	
0.433024	0.034556	0.00856967	0.0083122	0.0525462	0.00154521	0.0130473	0.0587917	0.000821602	0.0804404	0.0236842	0.00580195	2.11409e-07	0.0026437	0.0046818	0.0145703	0.0336321	0.201767	3.34486e-06	0.0215614	
0.0232146	2.98373e-05	0.000105154	0.00187439	0.00602778	0.00171205	0.0505258	0.085039	0.0297063	0.0354415	0.0236029	0.00324675	0.0242038	0.441075	0.027092	0.0401518	0.0383465	0.050542	9.34648e-10	0.118062	
0.0201962	0.0107818	0.0191061	0.0797696	0.127668	0.00145921	0.0826893	0.00715883	0.0365672	0.0406209	0.00382745	0.022598	0.00398515	0.0126301	0.018308	0.0343811	0.0181659	0.000866221	0.0148418	0.44438	
0.0905032	0.0215329	0.0401566	0.0298693	0.104852	0.00572423	0.0948394	0.0235752	0.0528807	0.0292894	0.000609607	0.0113587	0.0560868	0.00862224	0.0128223	0.201605	0.0319991	0.0292785	9.84615e-06	0.154385	
0.0246352	0.000987096	0.023547	0.00547425	0.756416	0.000977688	0.0043143	0.00211224	0.0153151	0.0179672	0.00743909	1.49832e-05	0.000161285	0.0264681	0.000263045	0.00156906	0.0102234	0.00784735	7.26641e-07	0.0942663	
0.0932198	0.00196447	0.00685503	0.0184171	7.977e-05	9.04568e-07	0.0371406	0.0928216	0.184423	0.0193375	0.0340849	0.00803488	0.00197708	0.116351	0.137591	0.0537955	0.0657995	0.0310925	0.006785	0.0902282	
0.0227068	0.0572582	0.00528778	0.216937	0.0113146	0.000393476	0.0158759	0.00046928	0.147383	0.0884171	0.0180241	0.0191523	0.0241797	0.114879	0.0546703	0.0650227	0.0181463	0.0262433	7.63257e-11	0.0936397	
0.000364562	0.000552403	0.00400884	0.000695871	0.000760692	0.00215993	0.0010073	0.00337374	0.00476482	0.0013362	2.16885e-06	0.00267762	0.00440301	0.0012327	0.95838	0.0044925	0.000939899	0.00427342	0.000101883	0.00447217	
0.0644089	5.28669e-05	0.00816342	0.00154414	0.0734367	0.0134653	0.052355	0.0139952	0.0205531	0.0125015	0.00229336	0.00216796	0.0491228	0.0472576	0.0412738	0.256752	0.0994433	0.00250628	0.146499	0.0922078	
0.0531793	2.67182e-06	0.0223538	0.0865026	0.0260363	0.000523748	1.61956e-06	0.0860539	0.133301	0.23591	0.0247918	0.0116588	0.00047747	0.0286276	0.199997	0.0137381	0.0180592	0.0245908	0.00658489	0.0276096	
0.0741896	0.00798035	0.062558	0.0791085	0.0246539	0.039235	0.0261518	0.0127766	0.0462233	0.0382706	0.0069602	0.0325455	0.0141596	0.0511054	0.0904387	0.255225	0.075041	0.0300746	0.00675322	0.026549	
0.011944	0.0104168	0.0284759	0.00481905	0.00585091	0.000791883	2.12934e-05	0.258958	0.00118087	0.0103522	0.00146293	0.00105179	0.00555197	0.00109524	0.00249344	0.00477253	0.0108826	0.624499	0.0153662	1.27251e-05	
0.00461789	0.00146073	0.00101723	0.00121817	0.00147122	0.959424	0.000578279	0.00245964	0.001584	0.00397531	0.00177887	0.000148832	0.00240113	0.000767724	0.00226088	0.0029762	0.00386499	0.001245	0.00332681	0.00342331	
0.0380039	0.0146648	0.0221444	0.0535515	0.0310311	0.00712533	0.0348749	0.166851	0.0543927	0.147005	0.0435015	0.0154316	0.00987773	0.0454659	0.0513767	0.031337	0.0401716	0.140552	0.00636027	0.0462802	
0.0214806	0.00535297	0.0234809	0.0113311	0.0133379	0.0128888	0.0041571	0.237078	0.00772736	0.506709	0.0211434	0.000332151	0.00628763	0.00496674	0.00523657	0.00682466	0.0152224	0.0759609	6.9049e-05	0.0204125	
0.0798437	0.00283013	0.00948049	0.0210631	0.000870411	4.30865e-05	0.00554112	0.0829953	0.0111613	0.162235	0.163065	0.00558638	0.00584396	0.0367245	1.20798e-05	0.0871097	0.0389261	0.252099	1.39093e-06	0.0345688	
0.117564	0.0248714	0.0268303	0.0190217	0.0664669	0.034914	0.0624994	0.0440276	0.0379044	0.104937	0.0280738	0.0232648	0.000364594	0.0209009	0.0459164	0.0791663	0.0458745	0.0695375	0.0431593	0.104706	
0.0106288	0.0039583	0.000362026	0.00216524	0.0159723	5.21594e-05	0.000880816	0.110219	0.00291721	0.766352	0.0232046	0.000178434	0.0017713	0.000530777	0.00580676	0.00048242	0.00752344	0.0434086	6.6544e-07	0.00358453	
0.0507549	3.73468e-05	0.0262231	0.0668578	0.0199418	0.0191093	0.0184484	0.00694982	0.511565	0.0250173	0.00829921	0.0246514	0.0183164	0.0733116	0.064051	0.0140136	0.0227566	0.0259844	0.00333132	0.000380131	
0.0276082	0.0267612	0.01186	0.0184623	0.00294539	0.199986	0.00676868	0.0156406	0.0287408	0.0356752	0.0217391	0.0796989	0.0252394	0.0186797	0.0302582	0.379758	0.0652345	0.00480295	1.01828e-14	0.000140736	
0.0316191	5.75899e-05	0.0603632	0.23819	0.000227296	0.00121792	0.0128647	0.014328	0.119736	0.0259564	0.016117	0.0391869	0.0249034	0.08808	0.0347363	0.102544	0.149483	0.0273345	4.5836e-06	0.0130501	
0.343056	2.83222e-05	0.0366343	0.000414373	0.00023184	8.53384e-05	0.0105793	0.0276764	0.000272966	0.00396408	0.00765237	0.0106143	1.93034e-07	0.0215413	0.0999018	0.236906	0.0426746	0.0436122	0.0720992	0.0420547	
0.311894	0.0038512	0.0133012	0.0321184	0.0176424	0.0573547	5.21298e-05	0.0420462	0.000163784	0.00674932	0.0734874	0.0574388	0.000136957	0.0137624	0.0566839	0.171548	0.067088	0.0745465	0.000113692	2.10705e-05	
0.0190296	0.0237892	0.0264674	0.128814	0.0260359	0.0202719	0.00626953	0.0731203	0.0477881	0.00985255	0.00681577	0.00280061	0.000265453	0.0671623	0.0965768	0.050844	0.0742162	0.207956	0.0184303	0.093494	
0.172008	0.00655172	0.0840161	0.159212	0.0239912	0.0115885	0.00567756	0.0184277	0.0893264	0.0656545	0.0137768	0.0483188	0.00148016	0.0796137	0.106189	0.0438054	0.0342513	0.0167932	0.00355033	0.0157676	
0.0201653	7.06643e-05	0.0575038	0.000477075	0.0011842	0.00881431	0.0431362	0.0555601	0.0131874	0.230276	0.128357	0.0628269	1.39548e-11	0.0980855	0.146411	0.0152297	0.00157995	0.0856925	0.0296906	0.00175114	
0.0392478	0.00216278	0.000179221	0.0816493	0.0194495	0.0125593	0.0612455	0.000282221	0.208028	0.00710578	0.0175977	0.0632162	0.00720888	0.0342684	0.229079	0.127955	0.0323692	0.00590606	0.00201713	0.0484732	
0.0276563	6.44779e-05	0.0293743	0.00408179	0.0177541	2.28589e-05	0.00583097	0.10613	0.0684535	0.149246	0.05373	0.00955513	1.55176e-05	0.0531621	0.0182541	0.0184549	0.258845	0.113512	0.00311583	0.0627414	
0.15351	7.30647e-05	0.0134844	0.115426	0.0165475	1.02548e-05	0.014946	0.0112153	0.229948	0.0102894	0.00561478	0.03654	2.44197e-07	0.141886	0.167645	0.0416548	0.000416748	0.00950047	0.00986583	0.0214269	
0.102111	0.0212344	1.69862e-05	0.025303	0.0018656	0.00287313	0.00811157	0.0261512	0.0121336	0.0654491	0.00811863	0.00546657	0.00969648	0.0425046	0.0263832	0.343553	0.169261	0.117019	0.0113359	0.00141167	
0.041195	0.000241671	0.1236	0.0586607	0.07013	0.0178789	0.00158328	0.254046	0.0479622	0.0814026	0.0264089	0.0167357	0.0862561	0.0201344	0.0457951	0.00911592	0.0245709	0.050298	0.0239788	5.44166e-06	
0.0626523	0.0151895	0.0278816	0.0465828	0.00319655	0.0195736	0.00380831	0.0213559	0.01063	1.62413e-06	0.00683103	0.00861655	0.596905	0.00429041	0.00113857	0.0750852	0.0443788	0.0390613	0.000437611	0.0123833	
0.0649204	0.0107765	0.0246348	0.0738786	0.0131085	0.052049	0.0159209	0.00515661	0.337928	0.0413867	9.84338e-05	0.0246269	0.0656171	0.0270563	0.0719328	0.0853117	0.0530068	0.0310499	1.82649e-18	0.00154054	
0.00777023	0.0388989	0.000698781	0.00103513	0.0155978	0.000142868	0.000152491	0.0436715	0.0231789	0.161127	0.0165805	0.282119	5.27511e-05	0.0316416	0.0338342	0.0341289	0.0117735	0.295492	0.000129076	0.001975	
0.144856	0.0126708	0.0135648	0.12909	0.0153392	0.0989568	0.0050803	0.0973194	0.023051	0.0816072	0.0434766	0.00933578	8.14566e-05	0.0301188	8.67152e-07	0.0512464	0.0542831	0.110054	1.88853e-06	0.0798651	
0.0209373	0.00184018	0.0071092	0.00489557	0.0892543	0.0561084	0.132276	0.0872721	0.0219538	0.132109	0.0761009	0.0192958	0.0101973	0.0642944	0.0883098	0.0577241	0.0422907	0.011561	0.00578046	0.0706899	
0.00704956	0.00560545	0.0757085	0.0284625	0.10586	0.00729805	0.0210451	0.0705186	0.0497031	0.0109185	0.000266646	0.10316	0.000119673	0.0836429	0.0805206	0.0409499	0.0486742	0.0580094	0.121867	0.0806201	
0.0949302	0.0263876	0.00288731	0.000306905	0.267961	0.00141621	0.00934887	0.00799089	0.0568808	0.0332358	2.20057e-11	0.122682	0.00413638	0.0215768	0.036401	0.00323208	0.115574	0.0807757	0.000893823	0.113382	
0.00539387	0.012891	0.076152	6.03263e-06	0.213785	0.00497237	0.000998913	0.118556	0.000347433	0.300348	0.131516	0.00300319	0.00498768	0.00722126	0.000952327	0.00787588	0.00309507	0.0880051	0.00692547	0.0129689	
0.00710775	0.0031963	0.00725682	0.00378512	0.00690477	0.00662925	0.00191348	0.00585604	0.000158791	0.0141697	0.908472	4.45497e-06	7.94312e-06	0.0123774	0.00388303	0.00692274	0.00300927	0.00444158	0.000680682	0.00322246	
0.0262671	0.0081656	0.0599916	0.556761	0.0222229	0.00573801	0.0119063	0.0140741	0.0138488	0.0500998	0.0155207	0.0194055	0.011917	0.0485602	0.0195142	0.0234551	0.0157568	0.0356336	8.49436e-06	0.0411532	
0.0160837	0.0157541	0.00665034	0.00151915	0.0124562	3.23782e-05	3.42382e-06	0.0523955	0.000451384	0.66334	0.0237662	0.00338605	8.0197e-06	0.000104971	0.000763081	0.00731975	0.0227794	0.172805	0.000137796	0.000243188	
0.0402633	0.00931059	8.01832e-05	0.00245873	0.0500089	0.00743871	0.0165724	0.0193282	0.169049	0.242091	0.0155298	0.0344263	0.0333384	0.00263071	0.196083	0.00761579	0.024897	0.0136323	0.000671811	0.114573	
0.000661114	0.0231021	0.000848028	0.00509118	0.148896	7.90385e-09	0.00839302	0.00848997	0.00132365	0.11694	0.0277463	0.00207115	0.000796429	0.0377094	0.0219519	0.0133481	0.00240724	0.0178449	0.000718359	0.561661	
0.0627762	0.000520534	0.0539224	0.000478313	1.18291e-07	0.0451197	0.0641584	0.105068	0.0489004	0.266324	0.0457623	0.00194359	0.0763245	0.0151004	0.0256434	0.053615	0.00838358	0.124123	1.25413e-07	0.00183624	
0.0391681	0.00258252	0.020199	0.0345672	0.368985	0.00970276	1.64925e-05	0.0645081	0.00231826	0.0884211	0.0579421	1.74342e-05	0.0169443	0.0157907	0.028845	0.0293415	0.0280175	0.0806496	0.0645686	0.0474145	
0.0729742	0.0334703	0.014877	0.00316644	0.0640169	0.013166	0.00241794	0.195673	0.000548256	0.297122	0.0221446	6.32622e-06	0.000489607	0.00227696	2.73687e-05	0.0173997	0.019834	0.197794	0.0288526	0.0137433	
0.0640182	0.0350825	0.0561014	0.0151992	0.020727	0.00378161	0.0123488	0.0486108	0.135381	0.0417919	0.091677	0.00028412	0.0225883	0.111078	0.10873	0.0619303	0.0178185	0.0342997	0.0355355	0.0830164	
0.0660335	0.0061782	0.0333845	0.116588	0.0140336	0.0209148	0.0225453	0.040761	0.100531	0.0550536	0.00934122	0.0114166	0.206437	0.0593456	0.0575977	0.0482754	0.0457511	0.0771013	0.00483726	0.00387362	
0.0559343	0.0682788	0.028606	0.118834	0.000295212	0.162076	0.0475316	0.0124792	0.0635914	0.0311741	0.00678308	0.0613513	0.0848872	0.0443541	0.0769879	0.0331878	0.060075	0.000131432	6.83979e-05	0.0433741	
0.108376	0.0331481	0.0299747	0.113933	0.025803	0.0568728	0.0186061	0.00752788	0.00314537	0.0875628	0.027693	0.0146873	0.00598232	0.0103542	0.0120001	0.109209	0.268951	0.0661419	1.273e-06	3.00988e-05	
0.0670173	4.27789e-05	0.194686	0.180582	0.000226588	0.025375	0.011631	0.00728533	0.115379	0.0247653	0.00257103	0.0592755	0.00367129	0.102299	0.0388081	0.121723	0.036627	0.00612107	2.12757e-10	0.00191297	
0.0283242	0.0120284	0.110934	0.0856452	0.00965518	0.19433	0.0337641	0.0145555	0.0446755	0.0523401	0.0136142	0.133813	0.0142747	0.0516016	0.0670785	0.0752146	0.0299734	0.0144694	0.00060397	0.0131044	
0.0629562	0.00670526	0.177462	0.211651	0.0131658	0.0404905	0.0152893	0.0185284	0.0554215	0.0191338	0.0107228	0.0590146	0.0513797	0.0411489	0.025259	0.0968277	0.0489631	0.0210857	0.00869072	0.0161041	
0.0167667	0.00207325	0.0474265	0.0533743	0.00178157	0.0467345	0.0127898	0.00385528	0.0659058	0.0212558	0.00307204	0.0341151	0.181494	0.00646655	0.0134278	0.290176	0.178519	0.0172675	2.10856e-05	0.00347791	
0.0419605	0.409687	0.00639033	0.00191389	0.00181991	0.00841411	0.00494413	0.0724283	8.7952e-05	0.11878	0.0126459	0.00696812	0.0250593	3.95423e-05	0.00408334	0.0102403	0.0719238	0.200624	4.38195e-10	0.00198975	
0.0259111	0.0109871	0.0168583	0.073635	0.000611793	0.00145187	0.0226986	0.0393822	0.155773	0.0212151	0.00809496	0.0272367	1.3995e-09	0.0811409	0.0817984	0.0664982	0.285443	0.0810552	1.22626e-07	0.000208223	
0.0971164	3.89709e-05	0.28143	0.0209302	0.00278837	0.0217864	0.0366143	0.0346546	0.0981214	0.0398245	5.57194e-05	0.154444	3.05274e-05	0.0127905	0.0272812	0.0972247	0.0509321	0.010895	2.64881e-08	0.0130404	
0.00437854	0.00487445	4.50148e-09	0.00041739	0.00273373	0.000300592	0.000198311	0.00667762	0.000875388	0.0033334	0.000707505	0.000636414	2.18363e-05	1.14809e-06	0.0015647	0.00239442	0.00369223	0.96602	1.18684e-06	0.00117114	
0.0694936	0.01744	0.00193438	0.0138007	0.0288964	0.0165101	0.0174089	0.0271994	0.178277	0.0770975	0.0132371	0.021143	0.05622	0.0429165	0.155008	0.100448	0.0293125	0.055697	8.61637e-09	0.0779603	
0.303129	9.35666e-08	0.0219392	0.0378962	0.0100657	1.71556e-08	0.000265852	0.0167337	0.161137	0.103896	0.0237579	0.00486076	2.71183e-06	0.0200329	0.162351	0.0404455	0.0332382	0.0129893	8.23879e-07	0.0472581	
0.471005	0.126073	0.00474013	0.00620938	0.00480743	0.0655679	6.64503e-07	0.0236906	0.00561109	0.04201	0.00929172	0.014408	0.0121328	0.00779425	0.0248651	0.129325	0.0179451	0.026967	7.14874e-06	0.00754831	
0.224238	0.0339644	0.00130035	0.00134113	0.0956002	0.0210447	3.42725e-06	0.0427827	6.34336e-05	0.202155	0.0907402	0.00911655	0.000374458	0.00572611	2.24383e-05	0.0339665	0.0287554	0.0852105	0.0112432	0.112351	
0.042521	0.011614	1.03188e-05	0.00101234	0.0161016	0.000186036	0.00175241	0.132229	0.000937761	0.531138	0.119854	1.06001e-05	0.00541764	0.0155174	1.99356e-05	0.00045971	0.00392832	0.11224	0.0014288	0.00362128	
0.283848	0.0163893	0.0174357	0.000961124	0.0909632	0.0195669	0.00424739	0.0155598	0.0161834	0.0531733	0.0196489	0.0284538	0.0339233	0.0351984	9.59888e-05	0.0573685	0.0845082	0.0858195	0.000510372	0.136145	
0.0220815	0.0231317	0.396812	0.0310364	0.013076	0.00620778	0.0735165	0.000883262	0.000113317	0.00898583	0.00507941	0.0261051	9.03225e-08	0.000535143	0.0273114	0.306389	0.00774392	0.0509687	2.20936e-10	2.25044e-05	
0.107876	0.000183013	0.00759096	0.0328123	0.00400495	0.0258778	0.00653034	0.000793327	0.248569	0.0400695	0.00851199	0.0855212	0.0159231	0.100689	0.0204614	0.148825	0.132722	0.0129849	1.60935e-05	3.76689e-05	
0.0210346	7.45403e-06	0.00215005	0.00355689	1.59133e-06	0.00092276	0.000129344	0.00150127	0.338513	0.0268401	0.00309126	0.00350576	0.0124722	0.00226622	0.302954	0.064916	0.103078	0.016892	4.26077e-05	0.0961258	
