CATGTRSBDP
1	1000	1000
1
1.8
0	0
0	0
WhelanD20_AA_mod_transform-01_states-20.phy
4
0
Universal

0
0
0
None
0
10	0
0
(((((Chondrilla_nucula:0.695719471613894,Ircinia_fasciculata:0.483886430364544):0.0764483616253836,((Hyalonema_populiferum:0.869807613728554,(Aphrocallistes_vastus:0.227917407470025,(Sympagella_nux:0.0936723438377078,Rossella_fibulata:0.104614962483057):0.140161002257986):0.317957325418513):0.941867752545964,(((((((Pleurobrachia_atlantica:0.0104337710490501,Pleurobrachia_bachei:0.208413148721076):0.311005973479353,(Dryodora_glandiformis:0.201172812280568,(Beroe_abyssicola:0.173571365713395,(Mnemiopsis_leidyi:0.127981320679849,(Bolinopsis_infundibulum:0.0638059309200377,Mertensiidae_sp:0.0507038842407533):0.104448525470281):0.0262120334160909):0.0256457315609107):0.0426126612228022):0.0723403414685403,(Coeloplana_astericola:0.224006640254142,Vallicula_sp:0.175159053231372):0.150298810474007):0.1779531368004,Euplokamis_dunlapae:0.282976990781819):1.16772121013565,((Salpingoeca_rosetta:1.52547163357918,Monosiga_ovata:1.26243669578965):0.561585176133989,((Capsaspora_owczarzaki:0.983944082827176,Ministeria_vibrans:1.37879066562185):0.164093703041459,((Sphaeroforma_arctica:1.05715883885209,Amoebidium_parasiticum:0.5205459744259):0.43565313358562,(((Mortierella_verticillata:0.582542466823339,Rhizopus_oryzae:0.762111129293847):0.149879179698221,Allomyces_macrogynus:1.46885833586222):0.0766233506401614,Spizellomyces_punctatus:0.778508639332431):0.700162240091859):0.0687264424303321):0.118535342123306):0.313829731246529):0.0466605746634202,((((Strongylocentrotus_purpuratus:0.512893276917748,Saccoglossus_kowalevskii:0.403645050557521):0.0613624987886984,((Petromyzon_marinus:0.356218301009028,(Danio_rerio:0.171159389536994,Homo_sapiens:0.20082201766148):0.079219756906992):0.252440333330747,((Priapulus_caudatus:0.508479444222643,((Drosophila_melanogaster:0.788210503482228,Daphnia_pulex:0.513463409180958):0.118464855893371,Lithobius_forficatus:0.336818173737905):0.097328665615379):0.0282499192954704,((Tubulanus_polymorphus:0.420181010791702,Hemithiris_psittacea:0.404794919109938):0.0238599016502482,(Capitella_teleta:0.444673090853699,Lottia_gigantea:0.41945640704888):0.0341002243082316):0.0774800861267667):0.0542122232927712):0.019295987480035):0.116893326261424,(((Periphylla_periphylla:0.255738319916845,Aurelia_aurita:0.305997614111967):0.0835659155702864,((((Agalma_elegans:0.067296711349023,Nanomia_bijuga:0.129667728685943):0.0599930077372323,(Craseoa_lathetica:0.0837864708729244,Abylopsis_tetragona:0.201998284220527):0.0554687033590157):0.0656219067372962,Physalia_physalis:0.16130279370903):0.129429037682929,(Hydra_viridissima:0.0801805903667146,(Hydra_vulgaris:0.027460063722849,Hydra_oligactis:0.0463767960473082):0.0490745376176609):0.241013579325447):0.267396679766709):0.205057711423939,(Eunicella_verrucosa:0.455062036485508,((Acropora_digitifera:0.13216275713042,Platygyra_carnosa:1.02757934416666):0.130464522928898,(Nematostella_vectensis:0.212786467650912,(Bolocera_tuediae:0.142653985153026,(Aiptasia_pallida:0.151313439925574,Hormathia_digitata:0.0899441697505669):0.0246952913084456):0.0672880435389277):0.104207107982064):0.112258864239962):0.065824959497211):0.0774257755424948):0.0282480343596694,Trichoplax_adhaerens:0.917086051138912):0.0338099512846401):0.0463123741301358,((Sycon_coactum:0.175655352919427,Sycon_ciliatum:0.103001082733676):0.835176375618474,(Corticium_candelabrum:0.494012469108078,Oscarella_carmela:0.42326846318304):0.267435043563752):0.047062490412577):0.115317297163812):0.14635265088432):0.130213497292338,(Amphimedon_queenslandica:0.459879335560688,Petrosia_ficiformis:0.253355982938098):0.221006586417713):0.053916757702524,(Spongilla_alba:0.134729346620943,Ephydatia_muelleri:0.0651511111104489):0.367313760209945):0.114070674395743,((Latrunculia_apicalis:0.148326177445759,(Kirkpatrickia_variolosa:0.103393523598583,Crella_elegans:0.148803490261486):0.0581580053183622):0.164892939049782,Tethya_wilhelma:0.27162574157026):0.0391577217404738,Pseudospongosorites_suberitoides:0.304355274990489);
(((((Chondrilla_nucula:0.695719471613894,Ircinia_fasciculata:0.483886430364544):0.0764483616253836,((Hyalonema_populiferum:0.869807613728554,(Aphrocallistes_vastus:0.227917407470025,(Sympagella_nux:0.0936723438377078,Rossella_fibulata:0.104614962483057):0.140161002257986):0.317957325418513):0.941867752545964,(((((((Pleurobrachia_atlantica:0.0104337710490501,Pleurobrachia_bachei:0.208413148721076):0.311005973479353,(Dryodora_glandiformis:0.201172812280568,(Beroe_abyssicola:0.173571365713395,(Mnemiopsis_leidyi:0.127981320679849,(Bolinopsis_infundibulum:0.0638059309200377,Mertensiidae_sp:0.0507038842407533):0.104448525470281):0.0262120334160909):0.0256457315609107):0.0426126612228022):0.0723403414685403,(Coeloplana_astericola:0.224006640254142,Vallicula_sp:0.175159053231372):0.150298810474007):0.1779531368004,Euplokamis_dunlapae:0.282976990781819):1.16772121013565,((Salpingoeca_rosetta:1.52547163357918,Monosiga_ovata:1.26243669578965):0.561585176133989,((Capsaspora_owczarzaki:0.983944082827176,Ministeria_vibrans:1.37879066562185):0.164093703041459,((Sphaeroforma_arctica:1.05715883885209,Amoebidium_parasiticum:0.5205459744259):0.43565313358562,(((Mortierella_verticillata:0.582542466823339,Rhizopus_oryzae:0.762111129293847):0.149879179698221,Allomyces_macrogynus:1.46885833586222):0.0766233506401614,Spizellomyces_punctatus:0.778508639332431):0.700162240091859):0.0687264424303321):0.118535342123306):0.313829731246529):0.0466605746634202,((((Strongylocentrotus_purpuratus:0.512893276917748,Saccoglossus_kowalevskii:0.403645050557521):0.0613624987886984,((Petromyzon_marinus:0.356218301009028,(Danio_rerio:0.171159389536994,Homo_sapiens:0.20082201766148):0.079219756906992):0.252440333330747,((Priapulus_caudatus:0.508479444222643,((Drosophila_melanogaster:0.788210503482228,Daphnia_pulex:0.513463409180958):0.118464855893371,Lithobius_forficatus:0.336818173737905):0.097328665615379):0.0282499192954704,((Tubulanus_polymorphus:0.420181010791702,Hemithiris_psittacea:0.404794919109938):0.0238599016502482,(Capitella_teleta:0.444673090853699,Lottia_gigantea:0.41945640704888):0.0341002243082316):0.0774800861267667):0.0542122232927712):0.019295987480035):0.116893326261424,(((Periphylla_periphylla:0.255738319916845,Aurelia_aurita:0.305997614111967):0.0835659155702864,((((Agalma_elegans:0.067296711349023,Nanomia_bijuga:0.129667728685943):0.0599930077372323,(Craseoa_lathetica:0.0837864708729244,Abylopsis_tetragona:0.201998284220527):0.0554687033590157):0.0656219067372962,Physalia_physalis:0.16130279370903):0.129429037682929,(Hydra_viridissima:0.0801805903667146,(Hydra_vulgaris:0.027460063722849,Hydra_oligactis:0.0463767960473082):0.0490745376176609):0.241013579325447):0.267396679766709):0.205057711423939,(Eunicella_verrucosa:0.455062036485508,((Acropora_digitifera:0.13216275713042,Platygyra_carnosa:1.02757934416666):0.130464522928898,(Nematostella_vectensis:0.212786467650912,(Bolocera_tuediae:0.142653985153026,(Aiptasia_pallida:0.151313439925574,Hormathia_digitata:0.0899441697505669):0.0246952913084456):0.0672880435389277):0.104207107982064):0.112258864239962):0.065824959497211):0.0774257755424948):0.0282480343596694,Trichoplax_adhaerens:0.917086051138912):0.0338099512846401):0.0463123741301358,((Sycon_coactum:0.175655352919427,Sycon_ciliatum:0.103001082733676):0.835176375618474,(Corticium_candelabrum:0.494012469108078,Oscarella_carmela:0.42326846318304):0.267435043563752):0.047062490412577):0.115317297163812):0.14635265088432):0.130213497292338,(Amphimedon_queenslandica:0.459879335560688,Petrosia_ficiformis:0.253355982938098):0.221006586417713):0.053916757702524,(Spongilla_alba:0.134729346620943,Ephydatia_muelleri:0.0651511111104489):0.367313760209945):0.114070674395743,((Latrunculia_apicalis:0.148326177445759,(Kirkpatrickia_variolosa:0.103393523598583,Crella_elegans:0.148803490261486):0.0581580053183622):0.164892939049782,Tethya_wilhelma:0.27162574157026):0.0391577217404738,Pseudospongosorites_suberitoides:0.304355274990489);
1
3.29733
0.957017
5000
197.489
0.806936	0.284347	0.406658	0.424887	0.420724	0.360004	0.361349	0.479664	0.511285	0.767627	0.375721	0.376311	0.225998	0.43952	0.509171	0.682325	0.589495	0.687284	0.163764	0.379595	

0.905926	0.405564	0.877031	0.160352	3.18102	0.29183	0.264474	0.437582	0.3362	0.588623	0.554158	1.67846	0.721947	0.233522	4.93923	3.21401	2.34262	0.0410992	0.159691	0.142727	0.179605	1.2404	1.59998	0.988786	0.383064	0.184529	0.57434	0.662478	1.25792	0.329579	0.591049	1.21599	6.0538	1.49702	0.775175	0.89016	1.79108	5.00875	0.0110985	1.28422	0.670252	0.00081388	0.214945	0.00480619	0.00606355	3.12338	0.160002	0.362169	0.0794794	0.683645	0.360689	0.111639	0.038626	0.124984	0.0273586	0.785099	0.341114	0.163917	0.579843	0.166757	0.254177	0.695281	0.241505	2.17689	0.182673	0.505674	0.471915	0.382757	0.0310459	0.0565649	0.00754424	0.982308	0.617772	0.0441108	1.65574	0.75086	0.203468	0.0969769	0.075159	0.0467633	0.488902	0.197526	0.541613	0.789568	6.03436	0.575346	0.122099	0.420117	0.176256	0.222359	1.21438	0.307808	0.486465	0.688071	3.27432	0.53258	0.315152	0.125144	0.000702931	0.19118	0.444874	0.707732	0.295121	5.09125	0.875658	4.79835	1.61208	0.841008	0.490993	0.185669	0.231319	4.53026	0.23615	2.50747	3.80161	0.641859	0.250057	0.240606	0.143013	0.348163	1.9475	7.58311	0.131716	0.182008	0.256552	0.694546	1.9734	0.235852	1.82131	4.35901	0.599921	0.945804	0.275019	0.0454712	0.0485924	4.53555	0.190679	0.470281	1.05337	0.319675	0.543858	0.488581	1.54168	0.461485	0.298014	0.479493	0.264558	1.08079	0.378863	0.674637	2.72794	2.15393	0.45734	0.253305	0.20554	1.24709	0.484132	4.60462	2.61212	0.275914	0.144566	0.725372	1.05629	0.382954	1.74736	0.776517	0.373444	0.126	0.0560602	1.7106	0.900469	0.970915	0.443152	0.118156	0.202905	0.666996	0.492869	0.175465	0.327842	0.0819279	6.14329	0.436368	0.288343	0.396488	1.77309	0.0815786	0.170383	0.0736618	0.189749	0.642424	

0.0331707	0.00300702	0.0124019	0.193675	0.125918	6.82787e-08	0.0718246	0.000541126	0.0325128	0.0270059	0.00086629	0.0170764	0.000183235	0.00254605	0.0205463	0.021967	0.00279228	0.000119417	0.0291515	0.404695	
0.0409003	0.00282044	0.195928	0.138884	0.00493054	0.0145327	0.0136363	0.00389094	0.0958572	0.00891898	0.000838092	0.0462586	0.249654	0.0360266	0.034859	0.0693398	0.0246821	0.0091302	0.00553714	0.00337619	
0.0191217	0.00320731	1.20865e-06	0.00421589	0.0212085	0.00455731	0.0034808	0.18861	0.000446434	0.641405	0.0213916	0.000379127	0.00627564	0.000164612	0.000214879	0.00286727	0.0110425	0.0610623	0.00028453	0.0100634	
0.00793076	0.00163207	2.64621e-05	0.0267499	0.287571	0.00500378	0.00636818	0.0780265	0.00593624	0.404311	0.00657923	4.92044e-05	0.0212709	0.0036799	0.0159777	0.00590615	0.00866339	0.067738	0.0256001	0.0209803	
0.42257	0.0447189	0.00830504	0.00654044	0.00917114	0.0853096	0.0116943	0.00918058	0.000203759	0.0117944	6.94395e-07	0.0344304	0.008644	0.00609908	0.00644904	0.288466	0.0219528	0.0016427	1.00016e-05	0.0228172	
0.00335526	0.000272396	0.00271411	0.0014798	0.000422203	0.00041863	0.954129	0.000364456	0.00262706	0.00500064	0.00323893	0.00236256	0.00387581	0.00166577	0.000131047	0.0014798	0.00356071	0.00795082	0.000505298	0.00444567	
0.238968	0.0275671	0.00657331	0.00333623	0.217128	0.00250617	0.102129	0.0629702	0.000745024	0.100158	0.000120567	0.00129873	0.000816123	0.0185982	0.105304	0.022652	0.0367258	0.0160592	0.0324879	0.00385658	
0.161235	0.00103157	0.0389875	0.0894566	0.0152879	0.00844154	0.00531329	0.00684994	0.00174737	0.0837467	0.0245033	0.0301549	0.0540316	0.0533128	0.0217248	0.214971	0.151522	0.0320097	1.36672e-05	0.00565851	
0.00134785	0.00243699	0.15093	0.0257477	0.316834	0.0171875	0.000132646	0.0736834	0.000365523	0.0742147	0.177947	0.0251555	0.00767438	0.0102864	0.000923666	0.00908974	0.0168689	0.00674067	0.00814211	0.074291	
0.01886	0.0104292	0.0516716	0.129895	2.24389e-05	0.0158579	0.0101495	0.00210352	0.100179	0.0482313	0.00216313	0.418544	0.000187709	0.0614883	0.0569895	0.0376138	0.0234677	0.0107448	3.67032e-08	0.00140274	
0.164393	0.00132575	0.000133564	0.000761623	0.000663114	0.0296697	0.0171922	0.155801	0.00224742	0.00781154	8.34721e-06	0.00127427	0.0137906	0.00576758	0.000636517	0.174939	0.13347	0.261971	0.0213951	0.00674847	
0.0909411	0.00520515	0.0558514	0.147151	0.0178972	0.0263325	0.0282307	0.0161986	0.149996	0.0322947	0.011418	0.0317365	0.00315298	0.108866	0.0963148	0.081243	0.0425076	0.0285164	0.0151031	0.0110428	
0.0726727	0.0266922	0.0011507	0.00970349	0.0998347	0.0459654	0.0054114	0.0770472	0.0135358	0.222465	0.0316161	0.0020362	0.0530876	0.00693276	0.0183385	0.0420513	0.026876	0.124642	0.0768965	0.0430451	
0.0244154	0.0236569	0.00791594	0.00677334	0.0435611	0.00348222	2.35966e-05	0.256309	0.00829401	0.334434	0.0351883	2.94158e-05	0.00734121	0.000428669	0.0136075	0.00369944	0.0140537	0.213361	0.00013804	0.00328764	
0.00929877	0.000119722	0.00182689	0.00105032	0.82721	0.063374	0.00115879	0.0118887	0.0066592	0.0164735	0.00423653	0.00231337	1.72442e-08	0.00317835	0.0108937	0.00401113	0.00420412	0.0133132	0.0112188	0.00757035	
0.0319786	0.00936465	0.0603898	0.0913862	0.00670853	0.0154133	0.0256073	0.0321846	0.0575481	0.0594471	0.0177359	0.0828488	0.036323	0.0476353	0.0394623	0.094614	0.197288	0.0717822	5.67206e-09	0.0222826	
0.0766159	7.01378e-06	0.133839	0.012454	0.268056	0.0127997	0.039288	0.0169536	0.0283536	0.0630867	2.23447e-05	0.00561904	0.0007816	0.00360342	0.0982526	0.00691519	0.0116807	0.0120698	0.02291	0.186692	
0.0802066	0.000106456	0.110053	0.00107828	0.00932432	0.017389	0.00113307	0.00503976	0.00508804	0.217965	0.103947	0.010724	4.17836e-12	0.332934	0.0182154	0.0169119	0.0020555	0.0131761	0.00331749	0.0513356	
0.0260557	0.00116865	0.0961511	0.0994534	0.171967	0.00285384	0.0131774	0.0228405	0.0213465	0.273414	0.0702325	0.0037462	0.00337143	0.000944155	0.00584442	0.0848327	0.0471768	0.0433747	0.0115135	0.00053487	
0.0107757	0.00971951	0.00343639	0.0003589	0.104131	0.0269172	0.00318701	0.0143631	0.00162367	0.73534	0.0402748	0.00117302	2.30409e-05	0.00040054	0.00462331	0.00204516	0.013397	0.0133401	0.00956063	0.00531003	
0.0133653	0.00760449	0.0101202	0.0140186	0.00243069	4.05549e-05	0.00361148	0.11003	0.0210917	0.27719	7.62442e-05	0.0315305	5.82484e-06	0.000423217	0.0103872	0.0016109	0.0174146	0.475697	1.84014e-05	0.00333251	
0.0713496	0.0205157	0.077956	0.000370484	0.0486577	0.0207363	0.0436522	0.0958071	0.0317712	0.101051	0.0395316	0.00835094	2.7215e-05	0.0189053	0.0935872	0.065764	0.0443628	0.112512	0.040925	0.0641668	
0.0110336	0.0101023	0.00558357	0.000502592	0.0145603	2.14985e-05	2.15444e-07	0.171535	0.000642012	0.0722854	0.0119854	0.00217108	0.00274395	0.000442233	0.00194747	0.0079013	0.0102507	0.672276	0.00329589	0.000720013	
0.0424734	0.000511623	0.341493	0.074366	0.0341507	0.0090369	0.0093884	0.0171203	0.117838	0.0669216	2.4096e-05	0.056316	0.00157321	0.0393307	0.0527597	0.0628053	0.0271872	0.0419026	0.000388648	0.00441225	
0.00463602	0.00436602	0.01932	0.00237441	0.017302	9.21663e-05	0.0145205	0.740541	0.000429716	0.00443353	0.000118018	9.04822e-07	3.36484e-06	4.42438e-05	0.00908573	0.00340413	0.00890929	0.167825	5.08242e-07	0.00259303	
0.120352	0.00217846	0.132879	0.250955	0.00484069	0.0169621	0.0175293	0.0223146	0.060568	0.0324257	0.00886741	0.0427875	0.0102887	0.0635249	0.0299452	0.0779905	0.0592264	0.0365802	0.00158395	0.00820142	
0.105137	0.00017832	0.0385726	0.0816354	0.00446027	0.0837879	0.0185449	0.0184558	0.0416873	0.0194909	0.0132873	0.144588	0.00133113	0.0979368	0.0254939	0.185165	0.100059	0.0181413	6.85285e-11	0.0020476	
0.189541	0.0289797	0.000292555	0.000400854	0.0626393	0.0342319	0.000100878	0.0644958	0.00285923	0.414271	0.0246007	0.00716659	0.0102782	0.000129037	0.0136484	0.0253845	0.0331973	0.0839088	0.00313351	0.000741019	
0.010388	0.0514561	0.0158491	0.00950291	0.052691	0.00152024	0.0130288	0.104	0.00016839	0.0640593	0.0104309	0.00178199	0.022642	0.0127632	0.0234468	0.104915	0.250254	0.204303	0.0158508	0.0309478	
0.0358573	0.000166632	0.338823	0.164239	9.04848e-05	0.0168284	5.45381e-05	0.0688117	0.0150719	0.166556	0.00375082	0.00465009	0.0275027	0.00238463	0.0161933	0.0294395	0.0278283	0.0744518	4.98788e-07	0.0072992	
0.00638727	0.000534865	0.281778	0.069705	0.000376466	0.248959	0.01477	0.00811903	0.077392	0.0160028	0.00476024	0.0939738	0.0905096	0.0363713	0.0117144	0.0276811	0.0055248	0.00139222	0.000761665	0.00328687	
0.0924632	0.162886	0.000133929	0.00559905	0.00407397	0.0153347	0.00351009	0.0518824	0.00396347	0.0128556	0.000993341	0.00570209	0.00067778	0.00500333	0.00488207	0.0256531	0.0446681	0.559673	2.10446e-05	2.32551e-05	
0.00466261	0.000658937	0.00765823	0.00259266	0.00616499	0.00177146	0.000823341	0.00333314	0.00341765	0.0014293	0.000115179	0.000379559	0.00370881	0.000761737	0.9522	0.00391752	0.00249106	0.00261606	0.00121001	8.72845e-05	
0.0576971	0.00899251	0.0434927	0.0425466	0.0505193	0.0397771	0.0308012	0.0397156	0.0597251	0.103006	0.0211749	0.0352909	0.0491586	0.0392277	0.0667233	0.0873817	0.064128	0.0561136	0.0306428	0.0738854	
0.113793	0.0478204	0.00841604	0.00219754	0.0667758	0.0795231	0.0649608	0.0438947	0.00828637	0.0108672	0.0108977	0.0197944	0.00349116	0.000656913	0.0288486	0.148426	0.22014	0.0633075	0.000258267	0.0576447	
0.0868704	0.00306165	0.0386576	0.187182	0.00160136	0.0254078	0.0146258	0.0215441	0.096354	0.0402367	0.00227624	0.019714	0.210949	0.0544741	0.0284191	0.0730662	0.041335	0.040962	0.00306639	0.0101961	
0.031811	0.000978705	0.0121114	0.022805	0.0169235	0.0034389	0.00516874	0.00035785	0.00204524	0.0012327	0.00218616	3.5882e-05	8.78105e-09	0.00240638	0.00132139	0.000111799	0.00597999	0.00267514	0.868812	0.019598	
0.0456149	0.00127633	0.045399	0.0691612	0.00427851	0.0190893	0.0168911	0.0264717	0.0857959	0.0667475	0.0177403	0.0569356	0.012167	0.137693	0.249433	0.0512952	0.047349	0.0219264	0.00191857	0.022816	
0.125236	0.00411429	0.0184677	0.0274464	0.00302123	0.00648911	0.00590399	0.0428532	0.00327427	0.344422	0.022409	0.0162248	0.0113903	0.015498	0.0885972	0.0192729	0.014494	0.082133	0.0193187	0.129434	
0.00189107	0.0476301	0.0297134	0.0422003	0.0386431	0.168597	0.000573437	0.0528362	0.000199637	0.00852183	0.293247	0.0265444	0.0250146	0.182007	0.00971002	0.0157513	0.0430413	0.00886946	0.00499563	1.38346e-05	
0.0570758	0.0208137	0.0149026	0.0245968	0.0744973	0.0351427	0.0321309	0.0919554	0.105841	0.0652692	0.0301313	0.026622	0.00904598	0.0739697	0.0491439	0.0409754	0.0313626	0.110782	0.038301	0.0674406	
0.0135122	0.00430106	0.0189101	0.000348411	0.00799292	0.00340051	0.0021052	0.00462538	2.76027e-06	0.0152144	0.914063	1.11286e-07	0.000918379	0.00656961	0.000366929	0.00142193	0.000244827	0.0040571	2.45901e-05	0.0019203	
0.146465	0.034203	0.00260301	0.00288616	0.0689051	0.0426083	0.00115303	0.147221	1.86551e-05	0.210882	0.00991949	0.00286528	0.00428842	0.00227704	0.00152351	0.0242388	0.0402057	0.243353	0.0104388	0.00394452	
0.0124294	0.000632264	0.00112175	0.000131208	0.0931757	0.00666127	0.00140916	0.290216	0.0180597	0.251162	0.0164719	2.14375e-06	0.0793161	0.00107119	0.0108413	0.0139105	0.015223	0.150745	0.0356733	0.00174711	
0.0565969	0.0576752	0.0163351	0.0132958	0.00502374	0.00448397	0.0243158	0.020202	0.0932392	0.0870725	0.0132443	0.00535159	4.316e-05	0.0203884	0.247714	0.0313065	0.280889	5.73897e-05	0.000222441	0.0225431	
0.00602629	0.0113888	0.0680603	0.00809436	0.120789	0.00435388	1.87252e-05	0.118685	0.00128297	0.508038	0.0543763	0.00482071	0.00028944	0.00474351	0.0182747	0.00484066	0.0116767	0.0264289	0.0140027	0.0138087	
0.00137742	2.0011e-05	0.0066924	0.00204872	0.00561342	0.000501846	0.00141088	0.0083572	0.000265527	0.95504	0.00546923	0.000172444	0.000517596	0.000533518	0.00112966	0.000882365	0.00112253	0.00467188	5.64234e-11	0.00417316	
0.0270875	0.000983164	0.000236963	0.000470311	0.412411	2.459e-05	0.00160222	0.00196467	0.179891	0.0168299	0.0714571	0.00943887	0.0141112	0.00161626	0.0391469	0.00390116	0.0267638	0.0386985	0.000242625	0.153122	
0.0247891	0.00851606	0.0858086	0.634255	0.0156896	0.00477857	0.00718844	9.44949e-06	0.0146735	0.0478169	0.0119643	0.020919	0.0122823	0.051595	0.00906499	0.0170871	0.0156616	0.0116627	0.000190194	0.00604756	
0.00379225	0.00657558	0.0387359	0.0660453	0.0294659	0.00666033	0.0253279	0.0450158	0.150584	0.0856563	0.0239277	0.0391078	0.00103247	0.026872	0.214633	0.00475302	0.0432901	0.0499791	0.0871539	0.0513919	
0.12175	0.00560412	0.0502856	0.0778993	0.0442593	0.0290511	0.0240062	0.021596	0.0834104	0.134963	0.0614989	0.0607179	1.43385e-06	0.0892909	0.0642425	0.0662632	0.0184056	0.010024	0.0151868	0.0215439	
0.122029	0.00336744	0.104066	0.151185	0.00338073	0.0494527	0.0161126	0.0051418	0.0954428	0.0424218	0.00718404	0.0492382	0.109902	0.0470488	0.016521	0.10868	0.0336149	0.0217112	0.00534333	0.00815626	
0.0628571	0.201638	0.0134188	0.0188726	0.0147515	0.0103119	0.00300698	0.123057	0.00602706	0.0616911	0.0214841	0.00443893	0.0221906	0.00791865	0.00336908	0.0131767	0.0351409	0.368539	0.00288751	0.00522208	
0.0381259	0.00446227	0.0330539	0.00585743	0.332275	0.0956257	2.47346e-06	0.0933423	0.117182	0.046693	0.0219204	0.00049852	0.0398345	0.0433422	0.0339762	0.0124374	0.0529897	0.0199746	0.00243178	0.00597493	
0.0134582	0.0101778	0.0147157	0.00132945	0.0127568	4.92709e-05	0.000617633	0.0567499	0.00745577	0.774518	0.0249231	0.0020086	0.00260042	0.00277352	0.0135356	0.00255717	0.0136285	0.0373917	4.27588e-05	0.00871013	
0.157525	3.39138e-08	0.0757823	0.111565	0.0362006	0.00615508	0.00666878	0.0166465	0.0926449	0.0904516	0.0182651	0.058429	6.55486e-05	0.0674595	0.139544	0.040122	0.0274519	0.0180534	0.00727302	0.0296961	
0.0256495	5.02986e-05	0.000178033	0.0109216	0.113571	0.026559	0.0100228	0.0375043	0.00659616	0.0399502	0.0149498	5.46464e-06	0.00739718	0.00223274	0.00378449	0.0178263	0.0134864	0.000794905	6.50013e-06	0.668513	
0.00965873	0.0095916	0.00120841	0.00281466	0.0191567	0.00236886	6.40744e-05	0.605276	0.00321325	0.0801409	0.0267584	0.000450458	0.00156937	0.00107306	0.00160066	0.00208494	0.00604449	0.226175	0.00072259	2.72695e-05	
0.00170096	4.33596e-05	0.558235	0.000387881	0.025074	0.000949119	2.34883e-07	0.198657	0.000738547	0.11271	0.0487763	0.000870687	6.25162e-06	0.00188408	0.014026	0.000240296	0.00142663	0.0296785	2.33033e-05	0.004572	
0.0838233	0.0283003	0.00153727	2.85116e-05	0.213955	0.0560293	0.000387223	0.100873	0.00037297	0.306401	0.0455183	0.00336514	0.00390158	0.00195321	0.000105793	0.012574	0.0180882	0.115107	0.000360178	0.00731798	
0.0381362	9.48192e-09	0.14392	0.0519257	0.0716954	0.0390257	0.0241488	0.0162823	0.0610687	0.0412619	0.00515938	0.027715	0.00144262	0.0707501	0.0478243	0.0671907	0.204701	0.0350575	0.0374393	0.0152557	
0.0756076	0.0111782	0.0509304	0.0562797	0.0316575	0.00823997	0.0157738	0.0538242	0.0440883	0.195048	0.0520146	0.0516467	0.0055236	0.0874217	0.0612321	0.0566418	0.055291	0.0792477	0.00527105	0.0030818	
0.0985464	0.0376609	1.72071e-05	0.000237848	0.0660462	0.101226	2.57399e-05	0.0965662	0.00307205	0.264971	0.0518073	0.0013112	1.93758e-06	0.00012973	0.00660754	0.0658946	0.0834013	0.103297	0.00273486	0.0164451	
0.0837833	0.00277927	0.0766274	0.109695	0.0214426	0.0677755	0.0160435	0.0408258	0.0704693	0.0618797	0.0300787	0.0468076	0.0354347	0.0501607	0.0481373	0.0942509	0.0796417	0.0623977	4.07792e-05	0.00172878	
0.0323488	0.00359774	0.0657026	0.155909	0.00726327	0.0107752	0.024038	0.00328896	0.245149	0.0129215	0.00783331	0.0699731	0.00682033	0.104064	0.0557125	0.0971026	0.0766361	0.0156552	4.87188e-05	0.0051599	
0.0115578	0.0250528	0.0268964	0.000675125	0.00242352	0.15353	0.000528269	0.0906296	0.00453189	0.0398865	0.0345172	0.0924545	0.100251	0.0213709	3.76759e-05	0.277263	0.0353921	0.0467894	5.69506e-06	0.0362065	
0.0550872	3.87737e-05	0.00831225	0.164974	0.0149916	0.00218841	5.13579e-05	0.06786	0.159426	0.131596	0.0140486	0.00256493	0.00149555	0.0843399	0.158202	0.0242963	0.0342561	0.06216	0.00242594	0.0116857	
0.256525	0.000445341	0.00820156	0.0269931	0.171499	0.00258724	3.18724e-05	0.00999978	0.219715	0.00311095	0.0105968	1.52056e-05	0.0239328	0.00102611	0.0696453	0.139955	0.0135709	0.0201308	0.0192008	0.00281709	
0.0124695	0.00255402	0.00157543	0.0220508	0.00899915	0.000319241	0.0131097	0.274371	0.110222	0.0208927	0.00312859	0.00445284	4.99985e-05	0.0627332	0.269608	0.000920729	0.0213058	0.170934	6.16929e-05	0.000241166	
0.0321371	4.40881e-05	0.348034	0.0667321	3.39458e-05	0.0253024	0.00779513	0.00622209	0.03061	0.0159095	0.00378288	0.0480635	0.207997	0.013074	6.88529e-05	0.162965	0.0187471	0.00552005	0.00180968	0.00515136	
0.00607881	2.73318e-05	0.0796555	0.00292128	0.011196	0.104313	0.138805	0.00112503	0.00517753	0.00756973	0.000427115	0.0551254	0.000957309	0.000230823	0.0140851	0.293885	0.000309577	0.0870834	0.000151616	0.190875	
0.0154666	0.00496254	0.00585447	0.0527793	0.73297	0.0093732	0.00723577	3.28143e-06	0.0262266	0.0193723	0.00887775	3.11933e-05	0.00506055	0.0173452	0.000462514	0.000451496	0.0102881	0.00536467	6.8783e-06	0.0778674	
0.0535918	0.00966374	0.0422923	0.214071	0.0264756	0.0101282	0.0143697	0.0475788	0.130839	0.0881549	0.0167803	0.0171379	0.0303189	0.0562771	0.0696689	0.0513326	0.0399176	0.0599543	0.000176514	0.0212702	
0.0299052	1.61179e-06	0.0439922	0.441096	0.000772945	0.0139616	0.0137045	0.000706542	0.0672663	0.0121332	0.00125312	0.0128655	0.0134791	0.222493	0.0226797	0.0323708	0.0415708	0.0284357	0.000291839	0.00102061	
0.373278	0.0238421	0.0288607	0.00256476	0.0661503	3.98559e-05	0.0165065	0.0892479	0.00479929	0.0758005	0.0215628	0.00181371	0.000153659	0.00777561	0.00011363	0.0178807	0.0483008	0.197669	5.16733e-10	0.0236396	
0.0024879	0.00305935	0.0478031	0.0234832	3.25465e-05	0.0762118	0.0644277	0.0668759	0.00935778	0.194709	0.0398484	0.129097	0.00128144	0.0121318	0.0584253	0.15194	0.0116264	0.0873665	0.00550922	0.014325	
0.0145688	0.030514	1.10724e-05	0.00822487	0.0741758	0.00055497	0.0148891	0.199595	0.00210666	0.144761	0.017076	0.00154447	6.98384e-08	0.0102607	7.89299e-05	0.0141698	0.0160647	0.346628	0.0519642	0.0528122	
0.0490989	0.00928209	0.104521	0.0624266	0.0269211	0.196054	0.0324228	0.00702726	0.104152	0.0110344	0.0223721	0.0700126	0.0129242	0.0397723	0.0592926	0.0851669	0.0577583	0.0213779	2.04454e-05	0.0283622	
0.101591	0.00911163	0.000125634	0.0137697	0.21915	0.0332056	0.0103244	0.0316667	0.109804	0.0730397	0.0141388	0.018792	0.0346748	0.000197848	0.0868459	0.00721084	0.030108	0.0184862	0.0220204	0.165737	
0.0386059	0.0146177	0.00519711	0.0586918	0.0538235	5.3904e-05	0.060673	0.0596344	0.0796247	0.183511	0.10794	0.000572688	1.38318e-07	0.0271954	0.0559928	0.0045901	0.0454461	0.11275	2.02469e-05	0.091059	
0.231444	0.0312849	0.00291209	0.00341592	0.165089	0.0741634	0.0017897	0.067844	0.000554388	0.0791706	0.014653	0.000538811	0.000408538	0.00433379	0.000356471	0.110502	0.0717571	0.114073	0.0190672	0.00664231	
0.00790052	0.00193839	0.00159119	0.00124542	0.00344281	0.0041692	0.00214551	0.000584161	0.00200682	0.00178267	0.000954333	0.000854491	0.000856916	0.00101173	0.000864329	0.959705	0.00536691	0.00258208	5.41315e-05	0.000943825	
0.00170285	0.000502397	0.00107376	0.0113451	0.0095555	0.0470914	0.000705935	0.0121229	0.01592	0.0115125	0.00667027	2.47617e-05	0.0136953	0.00051937	0.0136007	0.00323988	0.00661608	0.00759707	0.00957321	0.826931	
0.674356	0.0232314	0.00044049	0.000358381	0.0397098	0.0104576	0.0046121	0.0127738	0.000160113	0.024077	0.00394403	0.00482107	0.00134037	0.00013577	0.00931953	0.0872474	0.0342754	0.0460459	0.00277052	0.0199232	
0.145998	0.000816612	0.0445236	0.0800886	0.00444465	0.0583811	0.00315454	0.0343426	0.0172811	0.0377206	0.0141323	0.0209873	0.104513	0.0709988	0.0280873	0.110382	0.0969556	0.122021	0.00516333	8.93451e-06	
0.00307281	0.00117656	0.00150583	0.000875718	0.0548452	0.828176	0.000829343	0.00365104	0.00286141	0.00326879	0.00104253	0.000623525	0.00205249	0.000693419	0.0023977	0.00291715	0.00253276	0.0011216	0.00385258	0.082504	
0.0902954	0.0304902	0.00119986	0.00182116	0.151201	0.0186729	0.00694871	0.10458	0.00242799	0.103113	0.1246	5.58913e-05	0.0130483	0.0185459	0.0059543	0.0176633	0.0414416	0.267151	2.33063e-06	0.00078728	
0.94365	0.00586111	0.00130681	0.000186008	0.00119212	0.00553846	0.000781607	0.00140218	0.000653054	0.00225058	2.9437e-05	0.00121737	0.00222064	0.00146156	0.00556266	0.0189575	0.00310632	0.00407244	7.70191e-05	0.000473319	
0.0194266	0.00177241	1.0778e-05	1.23478e-06	0.0207677	0.0269979	0.0114826	0.122695	0.0160902	0.0713447	0.0228662	0.00672374	0.00170936	0.00218481	0.0264847	0.0194932	0.146769	0.481664	1.62537e-05	0.0015	
0.0434353	0.00191328	0.0490338	0.0587767	0.0149422	0.0319559	0.0206686	0.020677	0.159767	0.0107953	0.000186743	0.037467	0.0893959	0.0698284	0.0960821	0.170817	0.0415413	0.0547034	2.34425e-08	0.0280132	
0.00466809	0.000787076	0.00309196	0.000934109	0.000480466	0.00470956	0.00175863	0.00166021	0.000853394	7.44921e-05	0.0041444	0.956514	1.66493e-08	0.00428838	0.00507166	0.00554886	0.00222469	0.000747784	0.000931048	0.00151071	
0.019606	0.00757971	3.0472e-07	0.00220849	0.0228603	0.000861443	2.52992e-08	0.0724969	1.23498e-05	0.602992	0.0196792	0.000452711	0.00249761	0.000264012	0.000488987	0.0135314	0.013345	0.210332	0.00140939	0.00938208	
0.106724	5.44921e-06	0.000334222	5.60686e-06	0.0871053	0.0590386	0.0100365	0.0873742	0.00689414	0.0757341	0.0492895	0.00104663	4.14885e-07	0.00572608	0.00483527	0.0585547	0.0240655	0.103987	0.107479	0.211763	
0.0192326	0.0153331	0.09892	0.0306347	0.0962494	0.00831436	0.0328901	0.0428954	0.0743841	0.0514953	9.57751e-07	0.0938455	0.00390641	0.0666016	0.0475035	0.0275065	0.0675062	0.0798039	0.113407	0.0295695	
0.0397858	0.0003416	0.109527	0.167752	0.0386112	0.0272101	0.0711137	0.0564042	0.0469742	0.0538209	0.0105279	0.0143947	0.0158943	0.0555085	0.0566329	0.023326	0.0436059	0.0875708	0.00551476	0.0754838	
0.0773413	0.0235963	0.0211302	0.0664483	0.0157369	0.0352457	0.0250331	0.0531099	0.0986932	0.043765	0.00783745	0.0259062	0.0918348	0.0400235	0.0826973	0.105635	0.085237	0.0966034	0.000114693	0.00401069	
0.0427041	0.00495534	7.42821e-05	0.0125783	0.211418	0.0223633	0.00012712	0.0260386	0.00652556	0.129443	0.0199524	2.75061e-05	0.0609761	0.0116303	0.0479573	0.0826936	0.113599	0.0587356	0.102758	0.0454431	
0.0703703	0.00297597	0.0412335	0.0647308	0.0220697	0.0603178	0.0226935	0.00338594	0.369616	0.0198907	0.00169709	0.016979	0.0847775	0.0221044	0.0579613	0.0667449	0.0469233	0.0247067	2.72517e-05	0.000794372	
0.146454	0.0034667	0.00132967	0.0359708	0.0922708	0.0461149	0.0382667	0.000628732	0.0392496	0.0538484	0.0226047	0.0272628	3.89064e-05	0.000766038	0.0107382	0.228737	0.022777	0.0640142	0.000593382	0.164868	
0.128604	0.00172304	0.0816729	0.0789308	0.00242227	0.0653008	0.130665	0.000196652	0.0601464	0.029417	0.00595732	0.065335	0.00773937	0.0730926	0.0661613	0.089343	0.0565985	0.0190399	0.0197929	0.0178613	
0.372372	0.0311942	0.004311	0.0419302	0.00335763	0.0387667	0.0180459	0.00091623	0.0781	0.0458098	0.00163094	0.00687614	7.27533e-05	0.0589779	0.0789853	0.170769	0.0303933	0.00571252	5.99749e-06	0.0117723	
0.0277183	0.0296085	0.0124524	0.069294	0.014212	0.00734714	0.0428358	0.106099	0.0745736	0.0510804	0.00864224	0.013271	0.0293472	0.0521689	0.128392	0.0325148	0.147582	0.139126	7.01959e-08	0.0137343	
0.0896723	0.00934231	0.452646	0.158986	2.99535e-05	0.019355	0.00314604	0.00153868	0.0365719	0.0148065	0.00705046	0.0159152	0.000131643	0.0203643	0.00537288	0.095419	0.0403691	0.0184883	3.77845e-06	0.0107903	
0.0212336	0.00812395	0.00487168	0.0206962	0.150013	1.46868e-05	0.00258636	0.173116	0.0139901	0.0491064	0.00112417	9.32983e-05	0.28869	0.00821028	0.00439655	0.00193553	0.0255878	0.208341	0.000312323	0.0175568	
0.09936	0.010664	0.000100513	0.0543622	0.0187739	0.0755001	0.00116858	0.00166667	0.0204346	0.274552	0.0623055	0.000851423	0.173602	0.0429665	0.000544704	0.0186204	0.0308282	0.0103872	0.00442342	0.0988878	
0.0447854	0.00805965	0.00369482	0.0396247	0.593349	0.0422351	0.000108942	0.00669555	0.0327015	0.110127	0.037314	4.73234e-05	0.00756738	0.00272145	0.00299969	0.0263331	0.031866	0.000663096	0.00907715	2.84258e-05	
0.77358	0.0369705	1.10929e-05	3.32652e-05	0.000183888	0.102051	0.00349931	0.0100435	3.19133e-05	0.00641128	1.77756e-07	0.00260787	0.00224948	1.71759e-05	0.00231807	0.0252586	0.0112423	0.0197951	0.00360004	9.50426e-05	
0.0293741	0.171658	0.00285241	0.0117676	0.0351116	0.000361925	0.0050729	0.168765	0.0198974	0.362245	0.0171114	0.000874126	1.63601e-08	6.50812e-05	0.00690899	0.0244172	0.0308621	0.108476	1.25042e-05	0.00416654	
0.0156521	2.32082e-05	0.000281774	0.0155916	0.000805444	0.0420193	0.00924871	0.0218761	0.0241153	0.0163046	0.0225897	0.0540221	0.108414	0.0957421	0.391748	0.0874522	0.00372649	0.055402	0.0349078	7.73707e-05	
0.0602759	0.0019419	0.20328	0.181984	0.000170038	0.0250513	0.0195824	0.00439958	0.119642	0.0134414	0.00162831	0.0572537	0.000394585	0.0997352	0.0494124	0.124405	0.0319378	0.00513583	0.000297312	3.08226e-05	
0.00898655	0.00608664	0.0232418	0.000256203	0.0232301	0.0913031	0.0135549	0.0512119	0.0663741	0.123208	0.017537	0.00728788	0.372478	0.000118064	0.0586218	0.0225708	0.0387521	0.0746018	1.06268e-08	0.000579618	
0.0274083	0.00161456	0.0415437	0.0154784	0.0012796	0.0179126	0.0128701	0.0127555	0.0362794	0.0025508	3.04342e-05	0.0481035	0.598711	0.0505043	0.0211813	0.0500376	0.0410544	0.0113538	2.30688e-07	0.00933043	
0.0316906	0.00949095	0.0904381	0.0894511	0.0476566	0.132542	0.0265612	0.00881346	0.0233851	0.0444023	0.0203221	0.182788	0.031188	0.0571797	0.0425402	0.0852176	0.0141792	0.02921	0.0078144	0.0251295	
0.00813218	0.0023466	0.0316157	0.0290802	0.0180448	0.701716	0.00443927	0.00573863	0.0399278	0.016962	0.01402	0.0359322	0.00980068	0.00544188	0.0123595	0.0112828	0.0165504	0.000958267	3.89531e-06	0.0356477	
0.0599344	0.000582632	0.054287	0.0377316	0.0459047	0.00889855	0.000241653	0.117648	0.0283398	0.0837082	0.0116782	5.02288e-05	0.218725	0.0293357	0.00987187	0.0148745	0.0854768	0.0462873	0.03278	0.113644	
0.041849	0.0136228	0.00447394	0.0391812	0.0102353	0.0422871	0.050628	0.0464397	0.012695	0.0936962	0.0442667	0.0598238	0.000291818	0.133572	0.0470415	0.0491828	0.129065	0.0920537	0.0277747	0.0618192	
0.0872834	0.0113578	0.084897	0.0675418	0.0136331	0.0165483	0.0219147	0.016003	0.0195843	0.0509336	0.0104005	0.031636	0.0117748	0.0671035	0.040458	0.292751	0.0980926	0.039665	0.00233071	0.0160911	
0.171598	0.00952903	0.0206227	0.122156	0.00100564	0.00641255	0.0033252	0.0524532	0.0360408	0.334102	0.0182892	0.0094157	0.00270925	0.0018258	0.161999	0.00280848	0.00664737	0.0293711	1.49334e-06	0.00968626	
0.0304246	0.012095	0.0305748	0.0575715	0.020588	0.0128564	0.0212347	0.216743	0.0249661	0.194109	0.0353829	0.0255017	0.0168209	0.0343637	0.0546027	0.0202839	0.0222646	0.131353	0.0117863	0.0264771	
0.00527048	0.00236358	1.79884e-05	0.0042803	0.00377406	0.00543589	0.00149144	0.00595792	0.00264912	0.00343518	0.00417173	0.00481601	0.9238	0.000821087	0.00475857	0.00246757	0.00387589	0.00368477	0.000119358	0.0168089	
0.0376699	0.009731	0.000530391	0.0163089	0.0134432	0.00833345	0.00305367	0.0083671	0.288289	0.0285221	0.0147872	0.0198737	0.00826445	0.0272706	0.404142	0.0288039	0.0341762	0.0149871	0.00144112	0.0320049	
0.0281055	0.00177076	0.0142921	0.0186922	0.000163184	0.0138284	0.0561253	0.0237567	0.0999582	0.0372689	0.00849868	0.0344138	5.11055e-05	0.0722935	0.427608	0.0548931	0.0634658	0.041086	3.00788e-05	0.00369883	
0.0751107	0.00224828	0.087937	0.000124576	2.65295e-05	0.0018157	0.102563	0.0986186	0.00389611	0.166236	0.0286403	0.118152	7.12474e-05	0.00746017	0.049788	0.0346562	0.0183973	0.0887539	0.0143599	0.101145	
0.133831	0.00111078	0.284878	0.0230488	0.00498627	0.0244356	0.0263518	0.0112892	0.0945723	0.0357535	0.0205165	0.111025	0.0139088	0.000717802	0.0289292	0.116896	0.0162972	0.03022	2.70519e-07	0.0212323	
0.000769118	4.92241e-05	0.0571882	7.94614e-05	0.00355244	0.0330723	0.125293	0.0277295	0.00228027	0.0328479	0.0463369	0.0458638	0.000437915	0.064319	0.013867	0.298177	0.127601	0.0696296	0.00417252	0.0467332	
0.00515945	0.00212171	0.0531803	0.000222029	0.0248299	0.00207166	0.0177069	0.519378	0.000266324	0.233625	0.00510699	0.000332658	1.41026e-12	7.93608e-06	0.00509821	0.00315968	0.003153	0.0966541	1.70785e-06	0.0279244	
0.0868626	0.00726117	0.0348751	0.106279	0.0363373	0.0768214	0.0122597	0.000326747	0.10553	0.032476	0.0199624	0.0193054	0.00732473	0.0712487	0.0772326	0.242798	0.0365953	0.00544056	1.74905e-07	0.0210624	
0.101951	0.702597	0.0022445	0.00193518	0.0105484	0.0209554	0.000237755	0.0297725	0.00862716	0.0159939	0.00566093	0.0110251	0.0103661	0.000695169	4.57026e-05	0.0323448	0.0143984	0.0302407	0.000359701	6.31795e-08	
0.108867	0.0657508	0.0228927	0.00339923	0.0449059	0.063591	0.030762	0.0340275	0.041937	0.0902818	0.00107818	0.00950917	2.36831e-05	0.00895732	0.064465	0.0799219	0.0093017	0.0688403	0.147918	0.103569	
0.451393	0.0191002	0.00710694	0.00073452	0.0109654	6.39689e-05	0.016605	0.0173342	0.164056	0.0118133	0.0130938	0.0632459	1.02785e-06	0.0340986	0.0559393	0.060729	0.0625752	0.00818182	0.00286512	9.72685e-05	
0.0572634	0.145917	0.021883	0.0176993	0.0460047	3.66168e-05	0.042615	0.0890096	0.013854	0.192923	0.0739635	0.0321192	0.000399497	0.0391667	0.00275432	0.0279874	0.0356011	0.0773035	0.0115288	0.0719704	
0.00061054	0.0174991	0.585957	0.00442173	0.000366369	0.00381984	0.00302485	0.192312	0.00664608	0.151172	0.0149998	0.000280558	0.00154544	0.00125308	0.000614822	0.00369658	0.00647344	0.00223064	0.00298144	9.41204e-05	
0.143	0.00596265	0.0182631	0.00127414	0.0628103	0.0163825	0.00420327	2.27562e-05	0.025224	0.00973497	0.000169067	0.00218223	0.618084	0.00193727	0.00646897	0.0502259	0.0133447	0.00779774	9.15299e-16	0.0129119	
0.0621258	0.000484669	0.277245	0.0740009	4.96801e-05	0.0120674	0.0434848	0.00406992	0.111371	0.0195814	0.0210041	0.051325	0.00662485	0.0620596	0.0997292	0.0942996	0.00379437	0.0106761	0.0182095	0.0277963	
0.0696543	0.0183631	0.105318	0.116574	0.0207972	0.0847839	0.0343253	0.00468069	0.0402192	0.0175929	0.00542914	0.0329269	0.0235602	0.040715	0.138674	0.134265	0.0327018	0.00965609	0.0197118	0.050051	
0.0962682	0.0119296	0.044935	0.0255245	0.0329451	0.0143271	0.0132731	0.0545823	0.0101393	0.0948263	0.0241262	0.0232581	0.343045	0.0387166	0.0075825	0.0553802	0.0256379	0.0393309	0.0131267	0.0310458	
0.00634447	0.00514589	0.00833582	0.0184462	0.000408804	0.0302117	0.0252704	0.0446776	0.112034	0.0413407	0.00987289	0.100011	0.0951196	0.0546061	0.090924	0.191992	0.161116	0.0038582	8.86437e-08	0.000284232	
0.00664502	0.00388369	0.0116195	0.00776653	0.0260628	0.00361723	0.00332838	0.00521027	0.0318754	0.0102061	0.000113367	0.0134629	0.0126	0.000520255	0.029082	0.198541	0.619944	0.00396084	0.000169806	0.0113911	
0.0851353	0.0149147	0.00934485	0.0238844	0.00778052	0.01346	0.00724056	0.0868015	0.0613569	0.275272	0.025056	0.0164913	0.0195952	0.0269425	0.0434428	0.0293161	0.0475791	0.150479	0.000739055	0.0551684	
0.00282518	0.967475	0.0001205	0.0041293	0.00114375	0.00358821	0.00108087	0.000721413	0.00196533	0.00251949	0.000295231	5.74112e-06	0.00285318	7.38271e-08	0.000378823	0.00163479	0.00202801	0.00597559	0.000736462	0.000523287	
0.00377295	1.29788e-06	0.00202098	0.000995609	0.0046857	0.00141512	0.00120007	4.99001e-05	0.959527	0.00107521	0.000212131	4.10642e-06	0.000699151	0.00102792	0.0125905	0.000121915	0.000230134	0.00311465	0.000320919	0.00693504	
0.524814	0.0329138	0.0543863	0.00659806	0.000322996	0.00223131	0.000866371	0.0369867	0.00752347	0.0643173	0.00151574	0.00696661	0.00161609	0.045037	0.040144	0.0104637	0.108368	0.0548358	7.23758e-14	9.28104e-05	
0.0167694	0.00257372	0.0212694	0.000730373	0.0165842	0.00267113	0.000139504	0.00926429	0.000131474	0.00576367	0.000795722	0.00446561	0.00879185	0.00203076	0.0171835	0.511264	0.373335	0.00390485	1.44338e-05	0.00231689	
0.0581583	0.0099594	0.0034231	0.00122302	0.0185146	0.0322008	8.67197e-06	0.0802542	0.000921473	0.144027	0.0519629	0.0689992	0.0261185	0.0699542	0.00391327	0.0678993	0.195873	0.157323	0.00310489	0.00616082	
