CATGTRSBDP
1	1000	1000
1
1.8
0	0
0	0
WhelanD20_AA_mod_transform-none_states-20.phy
4
0
Universal

0
0
0
None
0
10	0
0
(((((Lithobius_forficatus:0.300111384526511,(Drosophila_melanogaster:0.682816271249006,Daphnia_pulex:0.434021977277918):0.106286342190553):0.0809794885155655,Priapulus_caudatus:0.435061259981546):0.0256195165322437,((Petromyzon_marinus:0.296438219578916,(Danio_rerio:0.157167992058987,Homo_sapiens:0.174741947924495):0.0802956991375375):0.214948362543908,(((Trichoplax_adhaerens:0.772259822625945,(((((Chondrilla_nucula:0.586620531509742,Ircinia_fasciculata:0.430605524452901):0.0753093731809569,(((Spongilla_alba:0.111668002678863,Ephydatia_muelleri:0.0587102537448734):0.30059216845415,(Pseudospongosorites_suberitoides:0.257024916978337,(Tethya_wilhelma:0.221732481293022,(Latrunculia_apicalis:0.126807565648441,(Crella_elegans:0.135359006118933,Kirkpatrickia_variolosa:0.0840782785789828):0.0577732886768796):0.146817885307373):0.0134239422642382):0.0971592474913318):0.0493926728410241,(Amphimedon_queenslandica:0.375335777944824,Petrosia_ficiformis:0.219466025874587):0.204280717699581):0.111950338609421):0.122659132222351,(Hyalonema_populiferum:0.739864118735643,((Sympagella_nux:0.0754852023894397,Rossella_fibulata:0.0914189339132212):0.120328685754987,Aphrocallistes_vastus:0.188643398064916):0.277262053205478):0.777625909207475):0.104546636138591,((Sycon_coactum:0.140670593257453,Sycon_ciliatum:0.0988675935835594):0.702305859551003,(Corticium_candelabrum:0.419288072408462,Oscarella_carmela:0.376853590989399):0.231518404178883):0.0439172223439464):0.0367163066693015,(((Monosiga_ovata:1.09310452829822,Salpingoeca_rosetta:1.3267902938613):0.538325728635726,((Ministeria_vibrans:1.16796753483386,Capsaspora_owczarzaki:0.874005597940982):0.133304698701331,((Amoebidium_parasiticum:0.457112946861408,Sphaeroforma_arctica:0.88452072957146):0.379545063643193,(Spizellomyces_punctatus:0.679249777338754,((Mortierella_verticillata:0.491727186521071,Rhizopus_oryzae:0.664551170545892):0.155775865441013,Allomyces_macrogynus:1.29074230115809):0.0389346685870333):0.604534913720023):0.0648477253542816):0.116424937333136):0.267251791855297,((((Pleurobrachia_atlantica:0.00790367248541362,Pleurobrachia_bachei:0.178463005302926):0.271382841218424,(Dryodora_glandiformis:0.187670262771592,(((Bolinopsis_infundibulum:0.0534029546221501,Mertensiidae_sp:0.0463737819829364):0.0890095667534773,Mnemiopsis_leidyi:0.105752359255804):0.0248997780056728,Beroe_abyssicola:0.156610013760419):0.0197021805958472):0.0365962809239744):0.0570738541514062,(Coeloplana_astericola:0.191567276914813,Vallicula_sp:0.157535800650584):0.141196310630936):0.12309997394228,Euplokamis_dunlapae:0.281005751482489):1.04516426947839):0.0222630411840798):0.0335320467925015):0.0212527988846994,(((Aurelia_aurita:0.269332695852941,Periphylla_periphylla:0.22088495875432):0.0669139262087524,((Physalia_physalis:0.14409185445519,((Abylopsis_tetragona:0.171699151815145,Craseoa_lathetica:0.0752455195150416):0.0479550643109051,(Agalma_elegans:0.0591135888300873,Nanomia_bijuga:0.11610881542234):0.0537062613529584):0.0557579404455706):0.115921328737269,((Hydra_vulgaris:0.0234448843799447,Hydra_oligactis:0.0399143086049032):0.0441148506507796,Hydra_viridissima:0.0695085975082204):0.204306423237424):0.229829720191964):0.182208942834988,(((Platygyra_carnosa:0.893206984861075,Acropora_digitifera:0.110243117950193):0.110995092968698,(Nematostella_vectensis:0.194991571303665,(Bolocera_tuediae:0.118129538424842,(Aiptasia_pallida:0.135046976127294,Hormathia_digitata:0.0747094462796414):0.0218997790806232):0.0676480997207908):0.0826237833502271):0.091790353650914,Eunicella_verrucosa:0.39172435018152):0.0585660544770909):0.0725097400099422):0.10268675886917,(Saccoglossus_kowalevskii:0.316463901958418,Strongylocentrotus_purpuratus:0.437361266701669):0.0598323781868979):0.0175873914693617):0.0473546298934819):0.0690642590560887,(Lottia_gigantea:0.36014327829346,Capitella_teleta:0.395391968246645):0.0355487162067516):0.0178862858734368,Hemithiris_psittacea:0.354548939111092,Tubulanus_polymorphus:0.36380105957898);
(((((Lithobius_forficatus:0.300111384526511,(Drosophila_melanogaster:0.682816271249006,Daphnia_pulex:0.434021977277918):0.106286342190553):0.0809794885155655,Priapulus_caudatus:0.435061259981546):0.0256195165322437,((Petromyzon_marinus:0.296438219578916,(Danio_rerio:0.157167992058987,Homo_sapiens:0.174741947924495):0.0802956991375375):0.214948362543908,(((Trichoplax_adhaerens:0.772259822625945,(((((Chondrilla_nucula:0.586620531509742,Ircinia_fasciculata:0.430605524452901):0.0753093731809569,(((Spongilla_alba:0.111668002678863,Ephydatia_muelleri:0.0587102537448734):0.30059216845415,(Pseudospongosorites_suberitoides:0.257024916978337,(Tethya_wilhelma:0.221732481293022,(Latrunculia_apicalis:0.126807565648441,(Crella_elegans:0.135359006118933,Kirkpatrickia_variolosa:0.0840782785789828):0.0577732886768796):0.146817885307373):0.0134239422642382):0.0971592474913318):0.0493926728410241,(Amphimedon_queenslandica:0.375335777944824,Petrosia_ficiformis:0.219466025874587):0.204280717699581):0.111950338609421):0.122659132222351,(Hyalonema_populiferum:0.739864118735643,((Sympagella_nux:0.0754852023894397,Rossella_fibulata:0.0914189339132212):0.120328685754987,Aphrocallistes_vastus:0.188643398064916):0.277262053205478):0.777625909207475):0.104546636138591,((Sycon_coactum:0.140670593257453,Sycon_ciliatum:0.0988675935835594):0.702305859551003,(Corticium_candelabrum:0.419288072408462,Oscarella_carmela:0.376853590989399):0.231518404178883):0.0439172223439464):0.0367163066693015,(((Monosiga_ovata:1.09310452829822,Salpingoeca_rosetta:1.3267902938613):0.538325728635726,((Ministeria_vibrans:1.16796753483386,Capsaspora_owczarzaki:0.874005597940982):0.133304698701331,((Amoebidium_parasiticum:0.457112946861408,Sphaeroforma_arctica:0.88452072957146):0.379545063643193,(Spizellomyces_punctatus:0.679249777338754,((Mortierella_verticillata:0.491727186521071,Rhizopus_oryzae:0.664551170545892):0.155775865441013,Allomyces_macrogynus:1.29074230115809):0.0389346685870333):0.604534913720023):0.0648477253542816):0.116424937333136):0.267251791855297,((((Pleurobrachia_atlantica:0.00790367248541362,Pleurobrachia_bachei:0.178463005302926):0.271382841218424,(Dryodora_glandiformis:0.187670262771592,(((Bolinopsis_infundibulum:0.0534029546221501,Mertensiidae_sp:0.0463737819829364):0.0890095667534773,Mnemiopsis_leidyi:0.105752359255804):0.0248997780056728,Beroe_abyssicola:0.156610013760419):0.0197021805958472):0.0365962809239744):0.0570738541514062,(Coeloplana_astericola:0.191567276914813,Vallicula_sp:0.157535800650584):0.141196310630936):0.12309997394228,Euplokamis_dunlapae:0.281005751482489):1.04516426947839):0.0222630411840798):0.0335320467925015):0.0212527988846994,(((Aurelia_aurita:0.269332695852941,Periphylla_periphylla:0.22088495875432):0.0669139262087524,((Physalia_physalis:0.14409185445519,((Abylopsis_tetragona:0.171699151815145,Craseoa_lathetica:0.0752455195150416):0.0479550643109051,(Agalma_elegans:0.0591135888300873,Nanomia_bijuga:0.11610881542234):0.0537062613529584):0.0557579404455706):0.115921328737269,((Hydra_vulgaris:0.0234448843799447,Hydra_oligactis:0.0399143086049032):0.0441148506507796,Hydra_viridissima:0.0695085975082204):0.204306423237424):0.229829720191964):0.182208942834988,(((Platygyra_carnosa:0.893206984861075,Acropora_digitifera:0.110243117950193):0.110995092968698,(Nematostella_vectensis:0.194991571303665,(Bolocera_tuediae:0.118129538424842,(Aiptasia_pallida:0.135046976127294,Hormathia_digitata:0.0747094462796414):0.0218997790806232):0.0676480997207908):0.0826237833502271):0.091790353650914,Eunicella_verrucosa:0.39172435018152):0.0585660544770909):0.0725097400099422):0.10268675886917,(Saccoglossus_kowalevskii:0.316463901958418,Strongylocentrotus_purpuratus:0.437361266701669):0.0598323781868979):0.0175873914693617):0.0473546298934819):0.0690642590560887,(Lottia_gigantea:0.36014327829346,Capitella_teleta:0.395391968246645):0.0355487162067516):0.0178862858734368,Hemithiris_psittacea:0.354548939111092,Tubulanus_polymorphus:0.36380105957898);
1
3.99916
0.966911
5000
215.049
0.798331	0.293126	0.38127	0.480662	0.456334	0.357802	0.349127	0.511995	0.53257	0.739323	0.370106	0.439265	0.241013	0.461002	0.50536	0.726175	0.636281	0.652007	0.188889	0.390698	

1.15501	0.54444	0.991995	0.197517	3.56383	0.327619	0.346244	0.458155	0.404166	0.705407	0.675417	2.18235	0.854757	0.301979	5.55608	3.5129	2.79047	0.039254	0.143409	0.0740109	0.308145	1.28406	1.88333	1.09529	0.593357	0.134959	0.729362	0.611302	1.62389	0.426652	0.482987	1.44876	7.44578	1.62209	0.920073	1.30882	1.73871	6.11811	0.00744866	1.59275	0.721438	0.000939322	0.244711	0.0167741	0.0144028	3.59389	0.192295	0.467301	0.105524	0.771312	0.396743	0.00149959	0.0123944	0.11163	0.0408684	0.966386	0.399631	0.22091	0.734875	0.186406	0.302447	0.749268	0.258538	2.40061	0.174912	0.535031	0.540349	0.526845	0.037549	0.0330769	0.22637	1.11447	0.796296	0.0484559	1.80048	0.760592	0.248758	0.119731	0.0632262	0.0586414	0.52197	0.221889	0.646159	0.844552	6.06443	0.619944	0.204605	0.52455	0.273179	0.202173	1.41666	0.430461	0.697732	0.856087	3.57949	0.625618	0.328611	0.122405	0.0911437	0.308277	0.47709	0.733959	0.295407	5.11576	1.02891	5.33101	2.03432	1.01623	0.671295	0.213974	0.227605	4.83987	0.279909	2.87596	4.95871	0.800613	0.270055	0.242842	0.159006	0.331693	2.14898	8.86891	0.198841	0.28395	0.264001	0.838154	2.15736	0.326685	2.14414	5.04125	0.692916	1.04641	0.286383	0.0426641	0.0332833	5.27549	0.236195	0.54795	1.21966	0.361732	0.61509	0.509838	1.85257	0.493812	0.338539	0.59695	0.162337	1.21974	0.430913	0.889581	3.21277	2.60295	0.375856	0.291273	0.223744	1.49198	0.66295	5.03216	2.95951	0.379419	0.0828259	0.758428	1.18199	0.544228	1.91548	0.863154	0.453197	0.141887	0.0568755	2.01772	1.13993	1.10604	0.467898	0.204167	0.241275	0.777757	0.504111	0.161813	0.329252	0.0996111	6.9756	0.610317	0.230308	0.433084	2.02632	0.124734	0.169754	0.104131	0.19124	0.926196	

0.017684	0.0120444	0.084549	0.00279333	0.00763932	2.12934e-06	0.000316943	0.250418	0.000409921	0.00722827	0.0024227	9.51835e-07	0.00207899	0.0060406	0.000649172	0.00570416	0.0106612	0.587009	0.0023014	4.71594e-05	
0.0981921	0.0333089	0.015337	0.00230936	0.0691837	0.0280653	0.00767729	0.290964	5.41749e-05	0.188109	0.0417754	0.00240473	0.00106257	0.000229958	1.73959e-05	0.0504031	0.0448936	0.119795	0.00146275	0.00475496	
0.0208189	0.0125172	0.033209	0.122116	0.0433446	0.00116899	0.0734742	0.108193	0.0647177	0.0617437	0.00601445	0.0200938	0.0189305	0.0526167	0.0379111	0.0174174	0.0578434	0.125212	0.00681627	0.11584	
0.0253875	0.0246725	0.000534491	0.00616492	0.260201	0.000205691	0.00265952	0.111695	0.00307274	0.30096	0.147062	0.00151537	0.000320429	0.000121952	0.0061015	0.00607951	0.0080722	0.0665491	0.00393389	0.0246916	
0.0233958	0.000106013	0.313962	0.017481	0.276105	0.00621851	0.0139029	0.00339719	0.0163273	0.0131578	0.00301294	0.0091769	0.00161611	0.000182025	0.0784035	0.0113939	0.009268	0.0120688	0.0720083	0.118816	
0.018859	0.00215347	0.133733	0.0814464	4.6104e-05	0.197603	0.0314228	0.00935366	0.0636793	0.0321306	0.0266377	0.123228	0.0268912	0.0804082	0.0713933	0.0625864	0.0180753	0.0143497	7.37776e-06	0.0059955	
0.0357933	1.84468e-06	0.022423	0.0287527	0.0071804	0.13049	0.0594391	0.0148965	0.0596001	0.022186	0.00133324	0.00198971	0.00558094	0.0699832	0.0988022	0.10878	0.219322	0.0269962	0.0361455	0.0503046	
0.00466871	0.00132495	0.00122509	0.00140435	0.00180207	0.957854	0.00101716	0.00272687	0.00224665	0.00350892	0.000783018	0.000923644	0.00248536	0.000295623	0.0022609	0.00384563	0.00419153	0.00118311	0.00304585	0.00320704	
0.040846	0.011696	0.0627766	0.0266531	0.0453014	0.072415	0.0176961	0.0559423	0.00142202	0.167955	0.0703205	0.0902153	0.0612591	0.0507209	0.0177489	0.0958096	0.0326363	0.0770748	1.63694e-07	0.00151139	
0.024469	0.0226871	0.000377031	0.256897	0.00222508	0.00322613	0.000789363	0.0775458	0.0253583	0.0111505	0.00101746	0.00830744	0.00241571	0.0552753	0.0254002	0.0455852	0.151906	0.244618	0.00360716	0.0371421	
0.106921	0.00279255	0.167561	0.273327	0.00339276	0.0285843	0.0160116	0.0138237	0.0556053	0.0246889	0.00953923	0.0343574	0.00985813	0.0487621	0.0268934	0.0964818	0.0401606	0.0295003	0.00427699	0.0074631	
0.0986976	0.0172109	0.0243814	0.0442981	0.0218274	0.00650256	0.0068847	0.0807168	0.0397038	0.293258	0.0600347	0.0193828	0.00452323	0.0531774	0.0702899	0.0266508	0.0385471	0.0703118	0.00275757	0.0208438	
0.00898492	0.00044786	0.046078	0.106713	0.0205366	0.0219715	0.0229519	0.00220132	0.388853	0.0413852	0.0147283	0.0636489	0.000129552	0.114976	0.070458	0.0311006	0.0421391	0.000195017	0.000439333	0.00206294	
0.000958909	1.28669e-11	0.26215	0.000356776	0.0152792	0.0024855	0.00662292	0.462448	0.00688201	0.152779	0.00919634	0.00133917	3.17757e-06	0.000258738	0.000357006	0.00223374	0.00148039	0.060054	0.00128072	0.0138339	
0.0644037	0.0106471	0.00250941	0.00791353	0.0565696	0.0177226	3.59895e-05	0.0990286	0.0115996	0.0476058	0.0165594	9.25409e-06	0.00014626	0.0081919	0.0031249	0.00176674	0.00595858	0.609958	0.000328453	0.0359206	
0.0392753	3.01199e-05	0.0458144	0.0456081	0.00515172	0.0109229	0.00553909	0.34673	0.0131872	0.0386793	5.41588e-07	0.0145784	6.80406e-06	0.0104661	0.000803473	0.0319365	0.0611214	0.329434	1.1872e-05	0.000702659	
0.0125711	0.01092	0.0400648	0.00145003	0.0201336	7.10859e-05	0.000425944	0.0588804	0.000196201	0.67006	0.0358727	0.000310517	3.23365e-06	0.000383468	0.00010474	0.00127409	0.015317	0.130617	0.0010765	0.000267061	
0.131885	0.0497398	0.00159172	0.0176629	0.00533978	0.00791534	0.00129123	0.0129058	0.0359954	0.055681	0.00833919	0.0080709	0.00245001	0.00738144	0.0420052	0.334455	0.200202	0.0702681	9.92705e-18	0.00682042	
0.0526594	2.81444e-06	0.0146995	0.035303	0.00947325	0.00123043	0.0302822	0.0393619	0.106185	0.0520164	0.00122696	0.0485251	0.0135049	0.118629	0.355382	0.0297709	0.0603178	0.0312103	0.000169728	4.94258e-05	
0.227811	0.0147064	0.0145778	0.00187369	6.44743e-05	0.269099	0.00354914	0.0239638	0.0217282	0.0351935	0.00671539	0.0283838	0.0110155	0.0265165	0.00536356	0.242737	0.0291903	0.0225228	4.04313e-05	0.0149478	
0.319494	0.00742843	0.016242	0.0117452	0.00637046	0.00945071	0.000333677	0.194483	0.0784107	0.0712776	0.0427989	1.58903e-05	0.00390102	0.000233138	0.104062	0.0362583	0.0381436	0.0214778	4.53469e-08	0.0378741	
0.00185278	0.000150792	0.0032945	0.919805	0.014269	7.35399e-08	3.47646e-05	0.00134039	0.00398067	0.0011592	0.00173904	0.001136	1.21119e-06	0.00355903	0.01446	0.00137236	0.0016065	0.000336625	2.84121e-05	0.0298735	
0.000107214	0.00388154	0.00121852	0.00186	0.00288391	0.00139876	0.00044825	0.00164315	0.00187284	0.0011992	8.2621e-07	0.00170658	0.00159161	0.970388	0.00441317	0.00192247	2.1843e-05	0.000255575	0.0023711	0.000815204	
0.00544187	0.00302077	0.000766455	0.00345946	6.78139e-05	0.00450674	0.00318758	0.00151727	0.000865098	8.6035e-06	0.00412828	0.948481	0.00527228	0.0029649	0.00505506	0.00498144	0.00350876	0.00110236	0.000500173	0.00116442	
0.0111241	0.00966192	0.372988	0.0272803	0.0372162	0.00570205	0.0184969	0.0110816	0.0166905	0.0395297	0.0186664	0.078541	0.24269	0.00346767	0.00206197	0.0616636	0.000205326	0.0320075	0.00331768	0.00760811	
0.0821611	0.013618	0.0297331	0.0483779	0.0204811	0.0615837	0.0164291	0.00564172	0.304572	0.0332671	0.0011493	0.0350686	0.113777	0.023402	0.0716216	0.0883626	0.0318668	0.0188765	1.05058e-05	2.02249e-07	
0.127944	0.029277	0.000144431	0.000520167	0.0780015	0.0420917	9.35943e-05	0.0797582	0.00153426	0.452137	0.0270049	0.0036767	0.010236	0.00035693	0.00527635	0.0173445	0.0227441	0.0860029	0.00607151	0.00978439	
0.0222509	0.0314143	1.17005e-05	0.00219229	0.0652396	9.97764e-07	0.012291	0.238066	0.00255218	0.105432	0.0221419	0.00066634	0.00305819	0.00178994	0.00252525	0.0115436	0.0197217	0.381144	0.0343705	0.0435878	
0.123055	0.0308829	0.0473875	0.0423661	0.0654636	0.0635427	0.0439859	0.00629972	0.0300677	0.0117164	0.00186884	0.212077	2.32116e-05	0.0355158	0.00788486	0.135179	0.0198928	0.0367933	0.0218232	0.0641741	
0.0224411	0.0186781	0.0173646	0.0728743	0.0303741	0.0105032	0.0233319	0.137752	0.0464101	0.0616889	0.0194583	0.0155743	0.0352148	0.0368244	0.0913706	0.039363	0.112597	0.19821	0.000998761	0.00897064	
0.497762	0.103691	2.55079e-05	3.49568e-05	0.0121231	0.130013	1.87038e-05	0.0106508	0.00217279	0.107932	0.0177749	0.000770042	0.00592006	0.00136416	0.0136212	0.0483953	0.0109385	0.0304945	0.00116094	0.00513566	
0.109394	0.00589282	0.0364573	0.0427657	0.00903875	0.0398366	0.0251506	0.0242253	0.0755724	0.0251267	0.0133521	0.0656046	0.192864	0.0598065	0.0278816	0.124972	0.0755886	0.0402631	0.000106678	0.00609969	
0.0433042	1.30551e-11	0.0282521	0.0712031	0.00499208	0.0162807	0.0269102	0.0177992	0.511206	0.031236	0.00712668	0.00959884	0.0199549	0.0410466	0.0762904	0.0149282	0.0305568	0.0357533	0.0127958	0.000764511	
0.00463635	0.00537851	0.0146872	3.06799e-05	1.3717e-05	3.50362e-07	6.98204e-06	0.924155	0.0068193	0.00802005	0.00397758	0.00422254	0.000254566	4.8149e-05	0.00175558	0.000382498	0.00170339	0.0223445	3.56235e-05	0.00152736	
0.0460132	0.413054	0.167438	0.00130977	0.0893356	0.0685667	2.7845e-05	0.00108971	2.23974e-06	0.0665677	0.0153853	0.00449939	0.0080571	0.0303778	0.000811322	0.0556394	0.00965323	0.0149818	0.00717639	1.33749e-05	
0.155369	0.0785501	0.00543481	0.0136522	0.0522568	0.0148611	0.0202411	0.0388339	0.0147891	0.0862617	0.0632974	0.0139943	0.000141261	0.0198905	0.00826053	0.0849549	0.178643	0.146596	0.00232904	0.00164285	
0.0697418	0.0117453	0.031473	0.193019	0.0194964	0.0120705	0.0162821	0.0424019	0.17398	0.0428076	0.00834474	0.0202594	0.0368694	0.0580348	0.0897888	0.0507307	0.0512579	0.0610976	4.55146e-07	0.0105985	
0.0145881	0.0149746	0.012319	0.00604928	0.009027	0.000155616	1.9225e-07	0.719484	0.00239737	0.0251361	0.0100211	0.000323801	0.000819363	0.000172198	0.00638121	0.0131142	0.00610796	0.157218	2.52802e-11	0.00171109	
0.038922	0.0432525	0.0178375	0.0766798	0.0167191	0.0255453	0.0858123	0.030914	0.0159915	0.0770179	0.037925	0.0276744	0.0367298	0.0958993	0.0841399	0.059613	0.0618266	0.0566043	0.110402	0.000493783	
0.00934865	2.09067e-06	0.583524	0.00227094	2.71286e-06	0.0004112	0.00764833	0.0383151	0.000970656	0.0738941	0.0573945	0.0359997	0.00258751	0.000113216	0.00699518	0.000788925	3.32319e-05	0.179054	2.31887e-08	0.000645603	
0.0546254	0.0224001	0.0918778	0.238002	0.15605	0.029304	0.0220029	0.00853424	0.00528962	0.149275	0.0885666	0.0382314	0.00600198	0.01876	0.00116613	0.0278255	0.00400166	0.0246409	3.88521e-07	0.0134444	
0.00813319	0.0010132	0.00269969	0.0178125	0.261253	0.0097813	0.00116961	0.0289057	0.0486836	0.0298238	0.00717992	0.00305976	0.00268662	0.00781164	0.0315162	0.0114275	0.000991537	0.0211659	0.00317861	0.501707	
0.0269692	0.000375102	0.0023873	0.00496197	0.0197291	0.00500127	0.0178347	0.101278	0.288874	0.0224781	0.00934616	0.0240758	1.00105e-07	0.0338956	0.0963206	0.00134048	0.000977275	0.316589	0.000426137	0.0271397	
0.194742	0.00297112	0.0516214	0.217708	0.00728906	0.0161264	0.00942745	0.0112224	0.178052	0.032986	0.00638645	0.0306379	0.000347746	0.0783418	0.0349542	0.0783276	0.0289662	0.0132767	0.00399651	0.00261851	
0.0564789	0.0121555	0.0297876	0.0438094	0.0546564	0.032631	0.0252257	0.0443489	0.0790499	0.114224	0.0298595	0.0316754	0.052096	0.0362915	0.0701314	0.0764969	0.0631313	0.0668412	0.0213802	0.0597292	
0.0748462	0.0163402	0.0221337	0.0190071	0.0422133	0.0191108	0.0250107	0.0811356	0.0219951	0.071405	0.0415894	0.0640599	0.00593318	0.0950337	0.0082585	0.0916528	0.125504	0.126831	0.000176121	0.0477638	
0.140352	0.0332392	0.00022049	0.00010251	0.0617703	0.0381465	0.00159246	0.145668	0.000455549	0.191858	0.0119108	0.000947634	0.00357361	0.00125742	0.000128066	0.0160961	0.0268716	0.307532	0.0127985	0.00547809	
0.1181	0.0382434	4.54791e-07	0.000276404	0.0788722	0.0909509	0.000372751	0.0751003	2.74029e-05	0.244645	0.0523006	0.00206564	0.000575947	0.00165493	0.0022769	0.0808778	0.0928224	0.112866	2.78571e-05	0.00794274	
0.0604148	0.00780779	0.021759	0.000373382	0.0537824	0.0526777	0.029549	0.0558338	0.0417252	0.0581334	0.0226268	0.0264435	0.000547431	0.0136229	0.119282	0.0915109	0.0335996	0.0998178	0.0850454	0.125447	
0.00855	0.0141334	0.000446111	0.00111654	0.0057623	0.0535322	0.0133381	0.0867078	0.000893448	0.0763587	0.00656818	0.0219286	5.95278e-06	0.00676493	0.0209197	0.0308781	0.155181	0.482158	0.00105096	0.0137058	
0.120441	0.00620347	0.051288	0.0440265	0.0321831	0.0245736	0.0127389	0.0511591	0.0106762	0.153547	0.02852	0.0300588	0.239519	0.0355143	0.00391821	0.0458863	0.00952499	0.0535186	0.00198952	0.0447142	
0.40681	1.49581e-06	0.0268425	0.0318809	0.0366592	0.00221097	0.000158747	0.0588632	0.00699718	0.00115033	4.93652e-06	0.00123886	0.111391	0.0743921	0.0296699	0.0302597	0.0523486	0.0239505	0.0013189	0.103851	
0.0318711	0.0210924	0.0175748	0.0526912	0.0253716	0.00438725	0.015867	0.0226217	0.0776623	0.0646594	0.0147605	0.0083922	0.000152111	0.0206223	0.0821192	0.0681968	0.443893	0.00883343	0.0012243	0.0180075	
0.0327571	0.00939909	0.0241462	0.00717125	0.0314639	0.00327788	0.000822268	0.261564	0.0022848	0.428123	0.0235703	0.000145147	0.0193825	0.00174539	0.00349841	0.00516306	0.0105275	0.118461	0.0100387	0.00645881	
0.00206055	0.00439918	0.541853	0.00192262	0.0141368	0.0010336	1.28889e-05	0.188897	0.00121551	0.0820725	0.00750348	0.000551597	0.00235525	5.98314e-07	0.0108181	0.00174786	0.00255407	0.135148	0.000327565	0.00138958	
0.0144437	3.48263e-06	0.0487284	0.00825499	0.0515071	0.00973452	0.149395	0.00126166	0.0305093	0.113535	0.229914	0.00144228	0.000147845	0.0685937	0.010466	0.0647309	0.0877796	0.0880618	0.0161108	0.00538021	
0.0315205	4.05603e-06	0.00651211	0.153586	0.0307685	0.000179684	0.0232288	0.0395185	0.00470005	0.323719	2.24494e-07	0.00559328	0.000111052	0.00127767	0.00163407	0.0228714	0.0234559	0.0545879	0.00549219	0.271239	
0.0302655	0.0111306	0.00381327	0.0148906	0.020673	0.00757793	0.0293268	0.0262901	0.449198	0.067436	0.0196368	0.0186828	0.00595591	0.0479656	0.16512	0.0106312	0.0312049	0.00578144	0.000141546	0.0342783	
0.00298726	0.00147868	0.000145369	3.73157e-05	0.00475053	0.000452998	0.00157519	0.0110113	0.000222825	0.953724	0.00504456	0.00154404	0.00129225	3.28215e-05	0.00104635	0.000431956	0.00189813	0.00648056	7.36483e-05	0.00576986	
0.0136996	9.87801e-05	0.00818467	0.116358	0.00468384	0.00664176	0.016674	0.0925942	0.204861	0.0998935	0.0479678	0.00907414	0.00065915	0.16118	0.037804	0.0327428	0.0708589	0.0722733	6.09159e-07	0.00375077	
0.0672578	0.00402486	0.0794737	0.114846	0.0182039	0.0222383	0.0167023	0.0415082	0.0532864	0.0922475	0.040033	0.0448287	0.00121961	0.114903	0.0707083	0.0729656	0.0500446	0.0421076	0.0203574	0.0330437	
0.239179	0.00291318	0.0340087	0.0977853	0.000671392	0.0816839	0.00211131	0.0030147	0.110458	0.0103754	0.00558146	0.10073	0.000717049	0.0567963	0.0927611	0.122972	0.00927178	0.024655	6.30034e-08	0.00431472	
0.0623493	0.0126164	0.0199167	0.0757174	0.0337229	0.0156555	0.12514	0.0153136	0.15098	0.0276862	0.00662629	0.0798262	0.00217263	0.0318813	0.192628	0.011135	0.0452948	0.0486839	0.00125486	0.0413988	
0.262033	0.0288323	0.000378061	0.000660678	0.0951987	0.262633	0.00874292	0.0437464	3.71703e-05	0.120275	0.0413946	0.00069163	0.000964603	2.4936e-05	0.00427019	0.0189979	0.0104679	0.0970919	0.00126975	0.00228965	
0.0379924	2.75108e-05	0.0218456	0.0100449	0.116262	0.00117215	0.00243844	0.244281	0.0219696	0.195731	0.0185858	0.00275272	0.069821	0.00330899	0.0192022	0.0159887	0.0153478	0.16955	0.0276794	0.00599944	
0.169461	0.00145225	0.0346845	0.0699298	0.0255978	0.0261324	0.0306044	0.0286407	0.0882084	0.156259	0.0417184	0.0474381	0.00176889	0.090277	0.0418566	0.0890854	0.0210912	0.02663	0.0019835	0.00718037	
0.0966919	0.0162466	0.0174368	0.000334732	0.0727842	0.00488742	0.00248884	0.221562	0.000180238	0.241353	0.0226149	0.00461097	0.00716128	0.00919369	6.46493e-05	0.00726654	0.0649125	0.134574	0.00579538	0.0698402	
0.0978293	0.0140157	0.00383563	0.00151176	0.00954335	3.9669e-06	0.00942346	0.223635	0.000694722	0.0766797	0.0776765	0.0042009	3.2355e-05	0.00804852	0.0171179	0.0041203	0.0193777	0.196301	0.0375959	0.198356	
0.0448592	0.00721048	0.166433	0.183438	0.0373391	0.046412	0.0163172	0.0197015	0.0418308	0.0260073	0.0117502	0.0450372	0.10778	0.0250613	0.0333777	0.0655498	0.0362286	0.0267032	0.0177507	0.0412123	
0.0656617	0.00726472	0.0763235	0.181798	0.00435743	0.0169403	0.0261525	0.00924715	0.142002	0.0283885	0.0103887	0.0625854	0.0030049	0.105801	0.0776654	0.0916221	0.0658624	0.0164695	0.000277844	0.00818662	
0.131846	0.00138088	0.0120284	0.0280021	0.012186	0.000917448	0.0525802	0.00908598	0.10105	0.00689327	0.0313078	2.76704e-05	4.35264e-06	0.313421	0.189217	0.0433408	0.0280094	0.01633	0.0204399	0.00193072	
0.106865	0.000198399	0.0295093	0.0383232	0.00901849	0.102206	0.0263884	0.00166658	0.20538	0.0348291	0.0188043	0.0509907	0.011466	0.0527211	0.173166	0.0647497	0.0268608	0.00518873	0.027337	0.0143307	
0.0231086	0.0390605	0.00133913	0.000329547	0.067637	0.28619	4.80072e-05	0.00148208	0.044472	0.127044	0.0516881	0.0480095	0.0287544	0.0465253	0.0466702	0.122927	0.0605647	0.00208782	0.00206223	1.28607e-07	
0.00437649	0.00209291	0.0363116	0.0517765	0.00138479	0.698637	0.00743521	0.00207456	0.0447974	0.0102805	0.0113705	0.0474366	0.0109888	0.0167025	0.00809752	0.0121674	0.0104527	0.00356469	0.00147676	0.0185761	
0.0590842	0.0106076	0.106282	0.0899276	0.00744886	0.120849	0.0326776	0.0126522	0.140165	0.0166914	0.000209109	0.0327027	0.0107926	0.0401166	0.0477601	0.16732	0.064768	0.0267792	5.08639e-06	0.01316	
0.0892893	0.000354179	0.0143041	0.100343	0.0121254	0.000217585	0.16035	0.0197844	0.0600507	0.00654785	3.63516e-05	0.0348933	0.00196902	0.0477208	0.331018	0.010639	0.0062007	0.00347741	0.0692861	0.0313934	
0.118615	0.00504523	0.095685	0.153335	5.8811e-05	0.0318411	0.0136304	0.00965543	0.10544	0.0388601	0.000126018	0.039379	0.140857	0.0463732	0.0209555	0.114982	0.0329793	0.018707	0.00780491	0.00567023	
0.0842686	0.0101006	0.0745925	0.0633608	0.0180958	0.0313227	0.0312935	0.00078837	5.17724e-05	0.0433644	0.0236564	0.0310647	0.000252229	0.0482934	0.0118252	0.31845	0.108476	0.0565961	0.00132549	0.0428215	
0.0143795	0.141728	0.0173824	5.86268e-05	0.0853697	0.00351022	0.129101	0.0240583	0.00383363	0.0109113	0.0315935	0.100677	1.98858e-06	0.00777411	0.00252631	0.0216123	0.225537	0.0969397	0.000841319	0.0821632	
0.00749289	0.00893784	0.00889993	4.91671e-06	0.0375354	0.00368596	0.000448803	0.0187594	0.00864291	0.803308	0.0516332	3.53552e-05	0.000332922	0.00354545	0.00792935	0.00404172	0.0127059	0.00863868	0.00488902	0.00853203	
0.0586702	8.84452e-05	0.0470458	0.0719578	0.00393221	0.00628209	0.0242474	0.038748	0.225832	0.0280808	0.0096514	0.121581	0.0048203	0.097581	0.0382926	0.0294663	0.120706	0.0691034	3.01501e-06	0.00391021	
0.269725	0.0291687	7.71113e-06	0.00358116	0.0108368	0.0445581	0.0124319	0.142775	0.00459128	0.132728	0.0397098	0.00183545	2.34305e-05	0.0170719	0.00143213	0.10594	0.0468275	0.12749	0.00397521	0.00529042	
0.0771357	0.00456895	0.0896596	0.116518	0.0150384	0.0572464	0.0219378	0.0315872	0.0966462	0.0553954	0.0196534	0.049075	0.0436013	0.0611794	0.0449548	0.0919138	0.0658642	0.0473199	0.000383773	0.0103206	
0.124468	0.0273102	0.0392162	0.0565121	0.0772151	0.0295707	0.0601478	0.0399452	0.0462044	0.0778386	0.0265741	0.0377764	1.59243e-05	0.0385437	0.0504362	0.0677278	0.0390852	0.047266	0.0300127	0.0841336	
0.15382	0.00408236	0.11131	0.0725233	0.0159874	0.0433057	0.00324719	0.0277802	0.0386757	0.0486844	0.00558336	0.0306834	0.0231107	0.0638657	0.0193397	0.12169	0.107697	0.0921866	0.0164251	2.29089e-06	
0.00595999	1.6457e-06	0.0051405	0.00140213	0.127105	0.0252022	4.72172e-05	0.0354279	0.00924312	0.494056	0.00116183	0.0088778	7.62296e-09	0.010654	0.000230332	0.00114936	0.0194713	0.113735	0.000236567	0.140898	
0.0865588	0.00368859	0.0225534	0.204396	0.0166317	0.000233778	0.00168157	0.0893788	0.157309	0.13912	0.020359	0.0105832	0.00783388	0.0471437	0.088055	0.0125169	0.0349767	0.0314927	0.00266212	0.0228247	
0.93894	0.00598721	0.00278299	3.41425e-07	0.000106163	0.00543687	7.41544e-06	0.0028091	0.001061	0.00169812	0.00149191	0.00055241	0.00121507	0.000794232	0.00340599	0.0228717	0.00429113	0.00638504	3.54371e-05	0.000127617	
0.0168794	0.00858717	0.00865714	0.0693302	0.0480116	0.0181397	0.00495238	0.0516047	0.176695	0.051137	0.0258391	0.0152785	4.09616e-06	0.0938984	0.224457	0.0408397	0.0490203	0.0446754	3.78186e-05	0.0519556	
0.0850584	2.18907e-05	0.0363229	0.0128374	0.0125146	0.00904308	0.00854112	6.97778e-05	0.00469865	0.00297991	0.00161118	0.00110522	0.00186069	0.0117933	0.0016777	0.00516372	0.00129292	0.00306894	0.788553	0.0117857	
0.079612	0.0147716	0.0360283	0.0103053	0.0153957	0.0129386	0.548429	0.00842679	0.0654682	0.000522278	0.0052681	0.00671467	0.00561296	0.0280406	0.0590674	0.081623	0.00562903	0.00510969	0.00167521	0.00936194	
0.0849684	0.01138	0.00687242	0.0197353	0.0390686	9.39777e-05	0.0576064	0.0699268	0.075367	0.168705	0.0546401	3.8487e-06	0.000538904	0.03346	0.099537	0.0341594	0.0346473	0.0889697	2.37337e-09	0.12032	
0.00245833	0.018319	0.309109	0.0757373	0.00402111	0.0108374	0.00220279	0.0356301	0.00468863	0.033066	0.00038483	0.017215	0.00032805	0.000527052	0.0124334	0.285693	0.171181	0.0161369	2.56018e-05	5.06248e-06	
0.0898596	0.00498246	0.00143255	0.0134357	0.0101134	0.310165	0.0113915	0.000510451	0.000259825	0.0183132	0.0492676	0.0315625	0.294888	0.0244912	0.00354424	0.0882262	0.00979336	0.0276339	0.000240063	0.00988927	
0.00165879	0.00960906	0.00578646	0.000968532	0.155256	0.000759159	0.0154444	0.00385726	0.0106669	0.0862423	0.0283876	5.76747e-05	3.44051e-06	0.0177956	0.0484025	0.00858938	0.00230393	0.0127095	0.00433909	0.587162	
0.0818833	0.0386798	0.00248115	0.00887001	0.0851706	0.0293579	0.00145034	0.0778384	0.00620655	0.203847	0.0246902	0.000508376	0.0261319	0.00329555	0.0235905	0.0224431	0.0285827	0.155739	0.0963195	0.082914	
0.0232398	0.0108822	0.0139285	0.041903	0.012854	0.0168847	0.0160305	0.0265079	0.183052	0.0378318	0.00518822	0.0207465	0.306243	0.0367038	0.0788524	0.0350198	0.0600036	0.0453346	5.22991e-07	0.0287929	
0.0704599	0.00592479	0.0524433	0.215887	7.29721e-06	0.018147	0.0144946	0.018021	0.0683925	0.0432654	0.00992219	0.0200135	0.231682	0.0462824	0.0273318	0.0649551	0.047141	0.0348929	1.03065e-07	0.0107363	
0.0545459	0.00739266	0.0225723	0.0150536	0.185396	0.031606	6.72123e-07	0.0552486	0.000533671	0.117655	0.0489292	6.30249e-15	0.0729286	0.0150826	0.0184967	0.060914	0.091718	0.112463	0.0401134	0.0493505	
0.188644	0.00395736	0.0234359	0.017458	0.0760299	0.0131754	0.0221981	0.0748902	0.0298288	0.0234215	6.58843e-05	0.0222507	0.00510669	0.0380599	0.0187238	0.0939729	0.00671513	0.0180057	0.131494	0.192566	
0.0100976	0.0119881	0.0132575	0.00303162	0.0147989	0.00344774	0.00240431	0.136183	0.00390762	0.0964723	0.0139214	0.00549971	0.000348375	2.8415e-05	0.00904182	0.00485023	0.00482339	0.664835	0.000229282	0.000834236	
0.0493496	0.0653309	9.40762e-05	0.0467831	0.0329303	0.00504535	0.0759843	0.0263668	0.136646	0.105472	0.0469734	0.0275599	0.0108244	0.067288	0.0969657	0.0729584	0.0255069	0.0428454	0.000242018	0.0648329	
0.00345758	0.971725	0.000720359	0.00252971	4.16924e-06	0.00273498	5.59453e-05	0.00107309	0.000619153	0.00260463	0.00023263	4.71569e-06	0.00186016	0.000116264	0.000845246	0.000928236	0.00268757	0.00553749	0.000547481	0.0017152	
0.12767	0.00156471	0.0174429	0.0282698	0.0243601	0.0287249	0.00041778	0.00197619	0.0241146	0.0197555	0.000476206	0.00378695	0.60218	0.0102637	0.000731386	0.0635465	0.0157677	0.00373562	9.98991e-05	0.0251151	
0.0901841	0.0238997	0.00142332	0.00580922	0.0971369	0.0747158	0.270169	0.00644645	0.0301555	0.0184528	0.00232895	0.0236365	0.0245828	0.00774115	0.0125446	0.033466	0.0029129	0.00167036	0.00158216	0.271142	
0.00904104	0.0128452	0.0292946	0.0967897	0.114966	1.76086e-05	0.208975	0.0489991	0.0279232	0.125388	0.0229145	0.017072	0.00455748	0.0676142	0.0181734	0.0257241	0.021876	0.100138	0.000144561	0.0475468	
0.0455814	0.00703537	0.0131805	0.0162499	0.00550122	0.0159513	0.0234393	0.00479233	7.68893e-05	0.427038	0.105838	0.00489122	0.000515406	0.191761	0.000693834	0.0287337	0.00335936	0.0210431	0.0267451	0.0575732	
0.085978	0.00158063	0.058736	0.251256	0.0214062	0.0220014	0.0200014	0.0494074	0.0364369	0.0460732	0.0198054	0.0273884	0.0257301	0.0452518	0.0180734	0.108316	0.0916686	0.0629742	0.00286333	0.00505096	
0.106792	0.000338575	0.0696639	0.0436797	0.0421421	0.0172587	0.0226726	0.020387	0.0468522	0.0958711	0.0159084	0.106308	0.0298211	0.0704081	0.086938	0.0408124	0.0810369	0.0809864	0.00839137	0.0137316	
0.057261	0.0132792	0.0550149	0.0677238	0.0137609	0.02482	0.0539536	0.0270138	0.11113	0.0963447	0.0221366	0.0572697	0.00113567	0.0703967	0.102849	0.0961503	0.0589311	0.0361214	0.0158347	0.0188734	
0.0295854	0.00111947	0.0186056	0.00717227	0.0634499	0.000400335	0.107881	0.049486	0.0358785	0.10656	0.017114	0.0626303	1.48678e-06	0.0799336	0.0319896	0.0786731	0.11599	0.0398687	0.0610417	0.0926197	
0.00791998	0.0282644	6.76581e-05	0.00156797	0.0940727	7.55069e-05	0.0040388	0.0724557	0.00019573	0.239425	0.0204358	0.0202989	0.012973	0.00902325	0.00738516	0.234214	0.181018	0.0607425	1.88784e-09	0.00582559	
0.102112	4.17678e-05	0.0463871	0.232497	0.0228126	0.0506193	0.0075396	0.00657089	0.0867637	0.0132623	0.000828501	0.0027901	0.0211458	0.18731	0.0561087	0.0673322	0.0113837	0.0230982	0.048152	0.0132446	
0.453517	0.0541741	0.00591429	0.00104149	0.0103502	0.00251486	0.00833749	0.0150332	0.0400382	0.0222522	0.00892775	0.00262262	0.000497899	0.0307265	0.00803199	0.0851496	0.147995	0.031706	4.20949e-05	0.0711273	
0.0340367	0.0014646	0.061983	0.0347025	0.0102867	0.0292459	0.022866	6.99075e-05	0.0418075	0.0861778	0.00522794	0.125633	0.329569	0.0233973	0.0153351	0.0362075	0.131914	0.00745204	0.0021263	0.000497446	
0.0126261	0.00715374	0.0108544	0.118999	0.177548	2.67699e-05	0.0700785	0.00500513	0.0227204	0.0709293	0.000155762	0.016183	0.000757462	0.0120712	0.00183323	0.0326167	0.0225379	0.00186213	0.0137675	0.402274	
0.182911	0.000241444	0.0845027	0.1332	0.00547987	0.0122316	0.00704997	0.0154839	0.102594	0.0632353	0.0211666	0.03809	0.0058212	0.0718846	0.118078	0.0445508	0.0378751	0.0336154	0.0019985	0.0199907	
0.066002	0.0078163	0.0321271	0.0429221	0.0179041	0.0285875	0.00666468	0.0136213	0.0193358	0.00848124	0.00131497	0.00565794	0.566852	0.0076685	0.00689058	0.103212	0.0430184	0.0198651	3.13557e-05	0.00202653	
0.254049	0.00389886	0.013121	0.00512493	0.00414462	0.0086529	0.000259841	0.147349	0.0910206	0.0344101	0.0547757	0.00960841	3.86247e-06	0.0580181	0.00275313	0.201613	0.0248052	0.0376727	0.0431213	0.00559726	
0.0552284	0.00724691	0.0105286	0.0134648	0.0227129	0.0278486	0.0113012	0.0853108	0.091131	0.187987	0.0679364	0.0293631	0.00110429	0.043929	0.13179	0.0869655	0.0595543	0.0641716	2.61534e-06	0.00242291	
0.198778	0.0480446	0.000159327	7.45412e-05	0.0871745	0.0428542	0.0504575	0.0120194	0.0253919	0.0228498	0.0289986	0.0209051	0.00862336	0.110476	0.0178021	0.269632	0.000140049	0.023815	0.00311314	0.0286907	
0.0322849	0.00122615	0.00120164	0.000389858	0.0186261	0.0270228	0.0358265	0.00564033	0.0744634	0.0240531	0.0132449	0.127948	0.00385174	0.0763905	0.0687727	0.210078	0.213473	0.0303749	0.000108492	0.0350232	
0.0634627	0.00395233	0.0818455	0.0624937	0.0153914	0.0291499	0.0233886	0.00353719	0.142979	0.0243083	0.00361799	0.0880253	0.0194773	0.0591079	0.0555631	0.224012	0.0768492	0.0198154	0.00281055	0.000213279	
0.104111	0.0129578	0.00534677	0.0178177	0.00482676	0.00260432	0.00429306	0.104775	0.139572	0.190859	0.00786623	0.0162428	3.7833e-09	0.0327068	0.0657216	0.0236331	0.0441846	0.184882	0.000533313	0.037066	
0.0570229	0.000652111	0.0431123	0.0106574	0.0135941	0.0173295	0.00997804	0.0181502	0.0439014	0.0010613	0.00220485	0.0106391	0.000640762	0.020349	0.191519	0.284784	0.116677	0.15477	7.79491e-07	0.00295514	
0.00662918	0.00029798	0.00209995	0.000515665	0.00428779	0.00284007	0.000569252	0.00332	6.13465e-05	0.005358	0.000821646	0.00238367	0.00434023	0.000167027	0.000167861	0.0125984	0.942732	0.00270712	0.00810056	2.35714e-06	
0.0919426	0.0184619	0.0099339	0.0344713	0.0252743	0.0356759	0.0221739	0.0774699	0.0999089	0.0922285	0.0336788	0.0250862	0.00759145	0.137304	0.0404161	0.0724043	0.0429383	0.0927499	0.0161122	0.0241772	
0.000319669	0.0176308	0.0230645	0.0684511	0.00951793	0.0080332	0.0434547	0.0525104	0.0163772	0.0330881	0.029937	0.314166	0.00239675	0.0304778	0.0861733	0.0236249	0.0407491	0.132092	0.00260795	0.0653278	
0.0668929	0.0124183	0.00695413	0.0660923	0.0586514	0.0629538	3.54014e-05	0.0737991	0.00500805	0.0412522	0.0184273	0.0326532	0.0453585	0.0473243	0.136982	0.0529881	0.152439	0.103197	0.00564952	0.0109239	
0.0047556	0.000436393	0.00634783	0.00376468	0.00649922	0.00212006	0.00137914	0.00146745	0.00537027	0.00141308	0.000954628	0.0013714	0.00294416	2.42394e-06	0.947959	0.00221754	0.00205267	0.00634163	0.000200881	0.00240168	
0.015871	0.000122862	0.00268925	0.0389095	0.686053	0.00966416	0.000157883	0.0261122	0.00366962	0.0478789	0.0489164	0.00116672	9.13088e-05	0.00148032	0.0134023	0.00937584	0.0266751	0.0346615	0.0210007	0.0121014	
0.0283546	0.00299402	0.0656109	0.272373	0.0025571	0.00536593	0.00596899	0.0224879	0.0891657	0.0310774	0.00783156	0.035476	0.00705352	0.0999143	0.0470922	0.0912917	0.137081	0.0445958	7.94973e-05	0.00362952	
0.00706456	0.000118691	0.000911186	0.0028883	0.00133167	0.000823603	0.952092	0.00202983	0.00534567	0.00237262	0.0014981	0.00216789	0.00161079	0.00223701	0.00170886	0.00158577	0.00334401	0.00567805	0.00205401	0.00313781	
0.0686565	0.312193	0.00456018	0.000466162	0.0264259	0.00471222	0.012627	0.099014	0.0097245	0.0425278	0.00166013	4.55914e-05	2.26928e-06	0.000179479	0.00932752	0.0282405	0.0665772	0.312997	1.15051e-06	6.20402e-05	
0.0371956	8.39719e-13	0.0733247	0.050135	0.0649193	0.00365332	0.00164043	0.0192219	0.00164549	0.449553	0.248349	0.00491792	3.59674e-05	0.00668437	0.000352241	0.0277905	0.00350029	0.00352376	0.00355294	3.34203e-06	
0.00345466	0.000523773	0.0844103	0.00940764	0.465876	0.00037437	0.0133971	0.140641	0.0646286	0.02737	0.0315954	0.0155792	0.0122589	0.0162748	0.0229643	0.00720931	0.00108298	0.0338487	0.0464667	0.00263533	
0.0786572	0.0373202	0.00535286	0.000441244	0.0206959	0.00596907	0.0083996	0.0547864	0.0490418	0.227465	0.0423018	0.0212509	0.0237553	0.0138149	0.0169774	0.0407794	0.14833	0.169523	0.00872663	0.0264113	
0.0913418	4.76166e-05	0.0962225	0.127615	0.0290317	0.0680543	0.0531994	0.00563521	0.0257592	0.00924948	0.00682777	0.0697048	0.0278904	0.0567689	0.111209	0.141914	0.0265967	0.015549	0.000212343	0.037171	
0.260418	0.0161482	0.0598049	0.0296506	0.118789	0.000685601	0.00180885	0.00881115	0.0200856	0.000611862	0.020526	5.51635e-07	0.000953115	1.36582e-06	0.0558751	0.150031	0.0352892	0.116138	0.0036794	0.100693	
0.0289666	0.0314546	0.067463	0.0992644	0.113268	0.0010095	0.246966	3.57457e-05	0.0274458	0.0620784	3.09434e-06	0.0362808	0.000264375	0.034187	0.0538755	0.0729972	0.0643783	0.011428	0.00397883	0.0446556	
0.127453	7.55678e-06	0.0299223	0.0780179	0.000484113	0.0179009	0.0174995	0.00994826	0.265938	0.0153619	0.00323313	0.0279948	0.000632876	0.112926	0.0478976	0.140964	0.0495512	0.0479737	1.58747e-08	0.00629251	
0.000790666	1.6623e-06	0.000522981	0.00188509	0.00349902	0.00287879	0.00239945	2.16961e-08	0.899486	0.00577795	0.00373441	0.000287809	7.43e-06	2.84755e-05	0.0149373	0.000271753	0.000641554	0.00187444	0.00782886	0.0531459	
0.0298821	0.00767177	0.0645876	0.0773095	0.00397482	0.0557287	0.0196734	0.0102001	0.181207	0.00960569	0.00083596	0.0508018	0.0314193	0.0672342	0.240408	0.0695845	0.0178124	0.0448441	0.000635553	0.0165827	
0.0114173	0.525646	0.00141796	0.0802753	0.0135903	0.00111019	0.0212653	0.0125822	0.00560256	0.00361092	0.0531449	0.0347428	9.05276e-05	0.0301366	0.000116087	0.0351824	0.0229179	0.145522	0.00067115	0.000957697	
0.0306225	0.0231849	0.0120389	0.0180932	0.000122464	0.0886425	1.30518e-05	0.0201894	0.0195946	0.21827	0.00169394	0.013571	0.0145661	0.0517838	0.272439	0.0272716	0.00814489	0.177999	0.0016706	8.85643e-05	
