CATGTRSBDP
1	1000	1000
1
1.8
0	0
0	0
WhelanD20_AA_mod_transform-03_states-06.phy
4
0
Universal

0
0
0
None
0
10	0
0
((Pseudospongosorites_suberitoides:0.10262399337333,((((Chondrilla_nucula:0.222746932071102,Ircinia_fasciculata:0.167769382476485):0.0235288218700127,((((Oscarella_carmela:0.140043810152347,Corticium_candelabrum:0.17281319043099):0.0933812557510739,(Sycon_ciliatum:0.0357853735508453,Sycon_coactum:0.0592193609394695):0.283215966069272):0.0172367333232266,((Euplokamis_dunlapae:0.108074593883534,((Vallicula_sp:0.0634285044500297,Coeloplana_astericola:0.0700019906380385):0.0508694512540529,((Pleurobrachia_bachei:0.0697873779703715,Pleurobrachia_atlantica:0.00350919034563401):0.102728069835494,(Dryodora_glandiformis:0.0734971528049814,(Beroe_abyssicola:0.0636618334318344,((Mertensiidae_sp:0.0166343059985138,Bolinopsis_infundibulum:0.022207926772203):0.0336239845573861,Mnemiopsis_leidyi:0.0442269342064804):0.00889317628511864):0.00780449226966225):0.0147591876240359):0.0189300732661432):0.0547486587710606):0.463639008406872,(((Salpingoeca_rosetta:0.475489979976996,Monosiga_ovata:0.435237783548027):0.295442064879312,(((Sphaeroforma_arctica:0.352021676412233,Amoebidium_parasiticum:0.164374754898604):0.162954167180156,(Spizellomyces_punctatus:0.245329526915829,(Allomyces_macrogynus:0.515647843329416,(Mortierella_verticillata:0.190126459391644,Rhizopus_oryzae:0.235253940303313):0.0579865623976668):0.024336675750183):0.290129567474787):0.0282209232192464,(Ministeria_vibrans:0.498660056670128,Capsaspora_owczarzaki:0.361435202881675):0.0505859711330372):0.0565015913156094):0.155079012578296,(Trichoplax_adhaerens:0.313421066493869,(((((Homo_sapiens:0.0687357149688379,Danio_rerio:0.0651305748582176):0.0307690570892985,Petromyzon_marinus:0.115592329012033):0.0749000525950978,((Priapulus_caudatus:0.158892654992255,(Lithobius_forficatus:0.105799192564237,(Daphnia_pulex:0.163589997124282,Drosophila_melanogaster:0.250840855464691):0.0446357568339538):0.0352800192785452):0.0080814368628082,((Tubulanus_polymorphus:0.137768550226781,Hemithiris_psittacea:0.135975081103302):0.00920685840753766,(Capitella_teleta:0.144817061076813,Lottia_gigantea:0.138412662056532):0.0102047859036313):0.0268045972116068):0.0183657615365158):0.00617309670355173,(Strongylocentrotus_purpuratus:0.163482654857203,Saccoglossus_kowalevskii:0.119480279654719):0.0245902669367483):0.0405995471823576,(((((Bolocera_tuediae:0.0541799579987632,(Hormathia_digitata:0.0320870612678507,Aiptasia_pallida:0.0517140947937331):0.00379249665993537):0.0296545973209003,Nematostella_vectensis:0.069798944131655):0.0326780673873161,(Acropora_digitifera:0.0314045560158131,Platygyra_carnosa:0.328213491777389):0.0526735145311591):0.0358147496265777,Eunicella_verrucosa:0.148717983889938):0.0204165763995852,((Aurelia_aurita:0.0877478515606692,Periphylla_periphylla:0.102250783331552):0.0189683273888472,((Hydra_viridissima:0.032702493467552,(Hydra_vulgaris:0.0112231811174724,Hydra_oligactis:0.0166728756224001):0.0132539818175997):0.0796318431161547,(((Abylopsis_tetragona:0.0645603758148245,Craseoa_lathetica:0.0323815749433434):0.0174807323066133,(Agalma_elegans:0.0250932556243722,Nanomia_bijuga:0.0440140266273473):0.0209512891246256):0.0200444703209217,Physalia_physalis:0.0596268745683178):0.0450234487725273):0.0914708988118153):0.0670109486907249):0.0307777882257394):0.00519212833406707):0.0124379368724952):0.00246102481904675):0.0139743671310632):0.0373856576594052,(Hyalonema_populiferum:0.257017901522904,(Aphrocallistes_vastus:0.0760883267106476,(Sympagella_nux:0.0325668150405649,Rossella_fibulata:0.0384498222335308):0.040971145691735):0.115747567025736):0.33704677903881):0.055657040933442):0.0496383263882894,(Petrosia_ficiformis:0.0830286564246285,Amphimedon_queenslandica:0.151315164821254):0.0752266341614764):0.0141858313955728,(Ephydatia_muelleri:0.0211278545529815,Spongilla_alba:0.0500206141947487):0.122067778553664):0.0318590102088834):0.0104727260366068,Tethya_wilhelma:0.0880356226932694,((Kirkpatrickia_variolosa:0.0337303605799283,Crella_elegans:0.0515337501998918):0.0214890475932123,Latrunculia_apicalis:0.0515422880174965):0.058486803339659);
((Pseudospongosorites_suberitoides:0.10262399337333,((((Chondrilla_nucula:0.222746932071102,Ircinia_fasciculata:0.167769382476485):0.0235288218700127,((((Oscarella_carmela:0.140043810152347,Corticium_candelabrum:0.17281319043099):0.0933812557510739,(Sycon_ciliatum:0.0357853735508453,Sycon_coactum:0.0592193609394695):0.283215966069272):0.0172367333232266,((Euplokamis_dunlapae:0.108074593883534,((Vallicula_sp:0.0634285044500297,Coeloplana_astericola:0.0700019906380385):0.0508694512540529,((Pleurobrachia_bachei:0.0697873779703715,Pleurobrachia_atlantica:0.00350919034563401):0.102728069835494,(Dryodora_glandiformis:0.0734971528049814,(Beroe_abyssicola:0.0636618334318344,((Mertensiidae_sp:0.0166343059985138,Bolinopsis_infundibulum:0.022207926772203):0.0336239845573861,Mnemiopsis_leidyi:0.0442269342064804):0.00889317628511864):0.00780449226966225):0.0147591876240359):0.0189300732661432):0.0547486587710606):0.463639008406872,(((Salpingoeca_rosetta:0.475489979976996,Monosiga_ovata:0.435237783548027):0.295442064879312,(((Sphaeroforma_arctica:0.352021676412233,Amoebidium_parasiticum:0.164374754898604):0.162954167180156,(Spizellomyces_punctatus:0.245329526915829,(Allomyces_macrogynus:0.515647843329416,(Mortierella_verticillata:0.190126459391644,Rhizopus_oryzae:0.235253940303313):0.0579865623976668):0.024336675750183):0.290129567474787):0.0282209232192464,(Ministeria_vibrans:0.498660056670128,Capsaspora_owczarzaki:0.361435202881675):0.0505859711330372):0.0565015913156094):0.155079012578296,(Trichoplax_adhaerens:0.313421066493869,(((((Homo_sapiens:0.0687357149688379,Danio_rerio:0.0651305748582176):0.0307690570892985,Petromyzon_marinus:0.115592329012033):0.0749000525950978,((Priapulus_caudatus:0.158892654992255,(Lithobius_forficatus:0.105799192564237,(Daphnia_pulex:0.163589997124282,Drosophila_melanogaster:0.250840855464691):0.0446357568339538):0.0352800192785452):0.0080814368628082,((Tubulanus_polymorphus:0.137768550226781,Hemithiris_psittacea:0.135975081103302):0.00920685840753766,(Capitella_teleta:0.144817061076813,Lottia_gigantea:0.138412662056532):0.0102047859036313):0.0268045972116068):0.0183657615365158):0.00617309670355173,(Strongylocentrotus_purpuratus:0.163482654857203,Saccoglossus_kowalevskii:0.119480279654719):0.0245902669367483):0.0405995471823576,(((((Bolocera_tuediae:0.0541799579987632,(Hormathia_digitata:0.0320870612678507,Aiptasia_pallida:0.0517140947937331):0.00379249665993537):0.0296545973209003,Nematostella_vectensis:0.069798944131655):0.0326780673873161,(Acropora_digitifera:0.0314045560158131,Platygyra_carnosa:0.328213491777389):0.0526735145311591):0.0358147496265777,Eunicella_verrucosa:0.148717983889938):0.0204165763995852,((Aurelia_aurita:0.0877478515606692,Periphylla_periphylla:0.102250783331552):0.0189683273888472,((Hydra_viridissima:0.032702493467552,(Hydra_vulgaris:0.0112231811174724,Hydra_oligactis:0.0166728756224001):0.0132539818175997):0.0796318431161547,(((Abylopsis_tetragona:0.0645603758148245,Craseoa_lathetica:0.0323815749433434):0.0174807323066133,(Agalma_elegans:0.0250932556243722,Nanomia_bijuga:0.0440140266273473):0.0209512891246256):0.0200444703209217,Physalia_physalis:0.0596268745683178):0.0450234487725273):0.0914708988118153):0.0670109486907249):0.0307777882257394):0.00519212833406707):0.0124379368724952):0.00246102481904675):0.0139743671310632):0.0373856576594052,(Hyalonema_populiferum:0.257017901522904,(Aphrocallistes_vastus:0.0760883267106476,(Sympagella_nux:0.0325668150405649,Rossella_fibulata:0.0384498222335308):0.040971145691735):0.115747567025736):0.33704677903881):0.055657040933442):0.0496383263882894,(Petrosia_ficiformis:0.0830286564246285,Amphimedon_queenslandica:0.151315164821254):0.0752266341614764):0.0141858313955728,(Ephydatia_muelleri:0.0211278545529815,Spongilla_alba:0.0500206141947487):0.122067778553664):0.0318590102088834):0.0104727260366068,Tethya_wilhelma:0.0880356226932694,((Kirkpatrickia_variolosa:0.0337303605799283,Crella_elegans:0.0515337501998918):0.0214890475932123,Latrunculia_apicalis:0.0515422880174965):0.058486803339659);
1
10.3521
1.34269
5000
29.2594
0.928769	0.0217515	0.0286768	0.787236	0.028361	0.567947	0.0274467	0.724073	0.85066	0.0321652	0.0328744	0.0283641	0.0277295	0.0271908	0.0277599	0.0259741	0.537541	0.0267714	0.0249084	0.0275925	

0.302265	0.320306	4.97286	0.367606	2.5063	0.161855	2.51775	1.82095	0.332189	0.255167	0.192495	0.0308551	0.0823322	0.209209	0.079924	6.28138	0.593611	0.290378	0.230602	0.358025	0.0815457	0.682679	1.29636	0.190239	0.597382	0.545102	0.297593	0.630781	4.19966	0.340865	0.550451	0.512584	1.20534	0.296451	0.512264	0.565688	0.237683	0.0131256	0.360341	0.44282	0.62776	0.0227478	0.048656	0.525464	1.04764	0.681997	1.59883	1.46347	0.084453	1.0809	0.142108	0.0576836	0.171445	0.123617	0.174164	4.31894	0.869622	3.70988	3.66145	0.0527075	0.119197	0.0581082	0.609812	0.217054	0.318863	2.13957	6.35211	0.371048	0.015626	0.306181	1.49098	0.682678	0.270566	0.311616	0.00162862	0.357024	2.4417	0.370815	0.169038	0.431019	0.630818	0.0216402	0.330947	0.15198	0.367257	0.72165	2.59065	4.82315	0.276536	0.416707	0.262274	0.102725	0.615071	0.327335	0.15816	2.86202	0.0728801	0.503699	0.166839	0.202718	2.43786	0.757543	0.152553	1.66651	0.383006	2.67599	0.0191404	0.842931	1.11433	1.40523	0.0745552	0.0188873	4.02425	0.0829418	0.118531	0.0445886	0.0574471	0.351617	0.103049	0.253433	3.85495	0.46364	0.40052	0.506255	0.111063	0.0086257	0.0564748	0.0407714	0.08443	0.453376	1.15185	1.95889	0.00654861	0.0711021	0.0990778	0.42878	1.30877	4.26071	0.355543	0.130827	0.499189	0.460456	0.154004	1.69486	2.17179	2.87483	0.307327	3.8006	1.38726	1.13705	0.0534291	0.858736	0.87369	0.242818	1.68784	2.3535	1.25883	1.28686	0.0116802	0.0717659	0.419551	0.44733	0.46278	0.662816	2.15829	0.0312465	0.552479	0.145285	1.0936	0.192378	0.23842	0.0461498	0.420225	0.233676	0.195421	0.432859	0.0281288	0.262827	1.2684	0.0417447	0.638936	2.48277	0.751445	0.515901	1.78742	0.0280099	0.371901	0.153879	0.513632	2.0919	

0.228195	3.124e-40	2.36398e-08	0.303783	8.54724e-25	0.0712949	4.58902e-06	0.0581741	0.295654	7.88763e-12	5.26054e-05	7.80087e-14	9.05765e-10	1.01605e-11	3.92375e-23	1.05844e-18	0.042841	3.15076e-09	1.65331e-25	8.98237e-30	
0.965366	9.72284e-13	5.243e-05	0.00589562	8.51839e-12	0.00768688	2.54677e-10	0.00819378	0.00912533	1.07382e-13	8.9504e-15	1.54097e-10	1.18794e-05	6.0298e-28	2.42447e-19	3.25259e-05	0.00363469	7.71007e-09	1.27146e-06	1.17245e-20	
0.265008	4.79351e-14	1.50197e-11	0.00297979	3.79143e-19	0.00900862	1.92494e-15	0.256854	0.264388	2.09077e-26	1.11101e-06	4.19393e-09	7.78e-08	9.2718e-15	0.000485019	2.04538e-19	0.201271	2.80254e-24	3.76121e-06	1.19581e-26	
0.0408492	9.31155e-06	3.56983e-15	0.208832	6.24501e-05	0.171241	0.000148414	0.159639	0.370006	3.59969e-27	5.28422e-45	1.96975e-08	2.30704e-23	1.13449e-06	1.14598e-24	5.58327e-06	0.0491686	3.68461e-05	6.17459e-07	2.78658e-08	
0.0163884	1.20754e-07	4.88611e-11	0.00440016	4.478e-08	0.00568641	2.85757e-10	0.952485	0.0133925	1.04751e-11	3.92129e-32	6.81639e-08	6.97709e-27	3.83997e-15	8.99727e-05	2.87839e-15	0.00755737	3.64252e-07	6.54728e-23	1.6424e-13	
0.0710433	5.06831e-07	2.59258e-05	0.406398	4.42238e-14	0.115721	0.000114868	0.0691174	0.311577	4.95811e-28	3.11914e-22	1.93633e-15	3.40238e-12	4.97711e-10	6.82161e-25	1.64011e-30	0.0259805	1.29682e-10	2.24197e-05	1.49053e-16	
0.00429776	7.24087e-06	7.30063e-08	0.713625	1.8111e-14	0.015115	3.39419e-09	0.0159721	0.243258	6.72438e-19	7.16519e-15	7.48244e-07	1.06736e-07	0.00652832	2.74292e-15	8.42798e-07	0.00104306	0.000151533	1.94772e-09	8.38992e-28	
0.294127	1.73563e-29	1.12159e-13	0.0839246	1.75326e-15	0.0582841	4.63184e-16	0.17812	0.325963	8.24986e-13	0.00018553	1.48162e-15	1.0057e-13	2.96081e-15	8.15371e-12	2.28105e-09	0.0593945	2.90473e-30	2.60735e-09	1.72796e-06	
0.0419203	4.27479e-08	4.67451e-52	0.0809133	1.33047e-09	0.568418	1.8418e-23	0.144579	0.134541	9.14428e-05	1.20238e-11	1.23058e-07	2.49327e-07	3.92374e-22	1.73148e-18	3.52611e-63	0.029536	3.42951e-17	6.39918e-09	5.66532e-07	
0.0881954	6.19762e-15	2.01967e-20	0.410409	1.02417e-30	0.0784572	5.21146e-07	0.155658	0.214469	0.00011146	2.07821e-19	5.66116e-25	1.1149e-17	1.02965e-13	4.8431e-05	1.62751e-07	0.0525661	1.71225e-18	8.22121e-12	8.41371e-05	
0.179761	1.91975e-13	1.01148e-27	0.269862	1.22689e-34	0.153801	8.82588e-13	0.143421	0.218918	7.53987e-14	3.21818e-13	3.98779e-18	1.34936e-05	5.23467e-05	2.13356e-10	8.98323e-12	0.0340082	1.70822e-27	0.000162777	4.83526e-27	
0.227533	5.91288e-10	1.15045e-17	0.0669139	2.61073e-10	0.062154	2.74653e-31	0.324454	0.225353	5.73806e-05	1.55068e-14	5.26757e-05	3.32445e-16	3.62607e-07	2.65749e-10	1.94545e-16	0.0934818	1.91024e-23	1.27991e-21	4.75459e-29	
0.10987	2.02759e-21	1.34938e-11	0.0435	1.03307e-10	0.0144542	2.04526e-15	0.698579	0.0336315	8.81472e-09	1.56319e-15	3.42966e-16	3.39795e-15	3.50663e-06	0.000735551	4.55255e-11	0.0992268	1.21037e-08	7.74412e-11	2.4292e-12	
0.034656	1.00816e-20	8.48705e-08	0.0905038	8.69106e-05	0.266666	2.37357e-19	0.0223131	0.440566	1.49559e-22	5.12072e-07	1.05142e-12	0.00151257	3.09297e-50	9.46526e-09	1.80662e-11	0.143695	2.59202e-13	1.72466e-16	4.8808e-47	
0.223853	5.95848e-18	4.06658e-08	0.268226	1.09536e-58	0.151457	2.07441e-07	0.136878	0.0966404	8.30712e-09	9.34835e-10	6.7405e-07	2.61679e-16	3.33599e-14	9.65673e-09	4.51833e-33	0.122944	4.48402e-11	5.68624e-13	3.90005e-16	
0.0346315	2.16193e-17	3.1141e-44	0.478831	5.15794e-16	0.0345213	0.000211316	0.0273054	0.407934	9.81727e-08	1.17007e-12	1.30918e-26	4.43163e-06	2.54824e-06	5.35772e-13	5.53357e-19	0.0165413	1.65659e-05	6.07387e-50	6.87685e-46	
0.0380309	1.53735e-09	1.07125e-12	0.0690522	1.73826e-07	0.741814	6.42514e-10	0.015564	0.131613	1.12611e-17	5.51925e-17	6.18149e-07	0.000124392	1.50104e-05	9.80442e-11	3.26618e-27	0.00378573	2.21578e-21	5.89386e-43	7.91335e-21	
0.347363	1.64146e-17	2.297e-62	0.0250677	9.08829e-53	0.0029203	2.63749e-18	0.288911	0.268326	1.26467e-07	0.000358987	0.000261817	6.95582e-09	3.26846e-24	1.13166e-92	5.35602e-11	0.0667112	3.56766e-07	7.99538e-05	3.56286e-09	
0.162867	3.47429e-13	0.000399454	0.0225493	1.12077e-25	0.00891896	3.94563e-15	0.0171555	0.0280463	2.19734e-09	1.44478e-06	7.26205e-09	1.4271e-06	1.19551e-17	3.95399e-17	1.53497e-16	0.758964	0.00107767	8.99304e-21	1.89192e-05	
0.0637573	4.43856e-65	7.89346e-29	0.137554	4.88881e-23	0.14965	8.54873e-24	0.181259	0.232399	4.39128e-44	3.43334e-11	6.367e-09	4.01728e-14	2.08854e-05	2.53921e-15	3.03132e-28	0.235358	1.41361e-82	2.75137e-21	4.29907e-83	
0.032447	1.55369e-23	6.56511e-58	0.163883	4.00402e-16	0.300029	9.19293e-13	0.0336495	0.468797	1.33667e-45	6.09523e-14	5.67802e-65	0.000242688	1.60725e-06	1.91904e-06	2.75438e-06	0.000869725	6.98531e-05	4.07811e-07	5.317e-06	
0.20332	8.2479e-23	5.94272e-36	0.021551	3.61064e-07	0.00330933	3.88175e-18	0.214138	0.51887	8.93262e-47	6.03821e-06	8.56827e-11	2.31295e-09	3.26425e-50	9.68626e-20	2.76762e-05	0.0387771	1.72511e-10	6.50626e-17	2.76353e-07	
0.075794	1.15298e-51	5.72993e-11	0.0703117	1.46909e-35	0.74344	3.61227e-17	0.0336581	0.062623	3.5716e-23	7.8675e-06	3.39947e-36	5.87423e-18	2.96473e-09	1.50728e-16	0.000332832	0.0138323	4.76558e-09	1.53557e-36	8.6335e-24	
0.376631	2.47534e-21	1.01497e-19	0.153106	1.22785e-07	0.0600534	5.24057e-12	0.231661	0.0981711	5.97079e-05	8.7552e-05	3.41069e-16	3.2845e-57	1.36668e-40	9.60471e-40	7.5443e-25	0.0802298	2.93367e-35	2.63617e-22	1.21505e-06	
0.0780558	1.38444e-49	6.95598e-15	0.19021	6.21518e-05	0.0576298	9.81915e-13	0.391098	0.139649	1.08943e-07	1.61573e-09	7.89496e-12	3.51379e-28	2.51594e-15	1.69311e-07	4.13847e-05	0.143243	4.59951e-39	1.05153e-05	1.31764e-17	
0.22423	2.61587e-25	3.22903e-15	0.0190014	3.65898e-05	0.0106833	4.76371e-32	0.112254	0.32781	3.42738e-22	1.53096e-11	3.30727e-10	1.9915e-16	3.1956e-11	1.26811e-09	4.88587e-13	0.305974	1.60767e-29	1.08176e-05	1.78732e-10	
0.268333	8.30582e-16	2.29942e-08	0.0101888	1.26373e-28	0.00438665	2.14327e-16	0.664367	0.0173974	1.62079e-20	3.99447e-12	6.21583e-09	3.20018e-09	8.69608e-06	2.86268e-07	3.65082e-40	0.0352451	7.35805e-05	1.92206e-19	2.04957e-32	
0.00275964	7.1941e-14	1.31822e-16	0.970857	1.14602e-14	0.0055345	4.81457e-14	0.00785479	0.0112349	1.69569e-07	3.45139e-21	5.73952e-24	5.9553e-06	0.000403014	8.359e-15	2.96299e-05	0.00131605	1.72385e-06	2.31293e-06	8.26159e-14	
0.109177	9.10529e-32	3.0125e-08	0.269163	4.51211e-08	0.204777	5.12564e-27	0.121526	0.224938	1.23543e-15	5.55323e-16	3.4701e-19	3.69952e-14	2.46266e-16	1.02925e-07	8.67543e-08	0.0704194	1.0553e-11	1.47e-08	5.94451e-15	
0.00839811	2.11436e-31	4.77429e-22	0.00555366	1.64268e-14	0.007214	3.48107e-11	0.0104082	0.96292	7.34574e-11	5.92839e-14	1.75079e-19	8.38795e-22	1.8701e-07	2.00888e-26	2.26781e-23	0.00550587	8.43802e-15	1.28306e-18	5.03857e-09	
0.335971	2.95481e-39	1.52157e-48	0.452294	2.07739e-11	0.135358	3.72977e-19	0.0172911	0.0327254	2.27388e-08	8.97679e-07	1.42437e-21	3.96607e-09	3.31447e-22	3.98607e-27	5.81085e-10	0.0263598	1.27659e-09	5.4663e-69	1.36724e-44	
0.101934	2.43553e-06	1.21918e-22	0.00823822	1.52288e-15	0.00132463	1.10974e-08	0.78722	0.0814755	5.87298e-08	1.24711e-08	6.91955e-23	0.000141127	2.52103e-05	3.66777e-20	1.9609e-10	0.0196384	7.48319e-08	2.08145e-29	9.02041e-10	
0.0939295	1.25803e-50	3.91958e-14	0.190466	1.26087e-18	0.327618	1.40031e-07	0.0950294	0.159935	3.65693e-25	9.21429e-19	1.21217e-08	3.10023e-09	7.67033e-07	5.92674e-15	2.31042e-17	0.133021	3.09416e-09	2.5017e-07	4.38217e-10	
0.0443279	1.02369e-11	3.76237e-20	0.0227582	1.82188e-09	0.0221287	1.24062e-14	0.516777	0.334113	1.37931e-38	2.69926e-18	0.000264891	3.59155e-61	4.21963e-05	2.79043e-16	1.86905e-17	0.0595885	2.31688e-15	4.96937e-50	6.73885e-43	
0.0221259	7.24433e-14	5.42854e-24	0.00243866	5.81655e-07	0.0022247	8.73783e-24	0.853907	0.114276	1.24242e-19	1.40492e-10	3.33795e-22	1.02891e-15	0.000196186	4.14564e-06	2.39848e-17	0.00482613	5.31054e-11	2.4211e-14	1.99386e-19	
0.0261179	5.82422e-22	1.57277e-13	0.110023	2.60531e-06	0.015885	4.73931e-05	0.0278459	0.063562	7.00828e-60	1.07432e-24	2.18195e-26	2.34269e-05	1.9788e-16	1.72658e-14	3.38226e-78	0.75207	7.17239e-10	0.00402202	0.000400576	
0.018737	2.98483e-19	2.42535e-15	0.0121616	0.000495824	0.1676	2.7886e-11	0.0170146	0.776491	1.09788e-10	1.12029e-20	6.24872e-09	1.41329e-14	3.13934e-14	3.14116e-11	2.98688e-18	0.00749987	2.01428e-12	1.1653e-09	9.92117e-19	
0.789878	3.52526e-24	6.48133e-16	0.0827204	5.2008e-08	0.0109431	7.3766e-07	0.0723881	0.0270594	5.32271e-19	3.02298e-10	3.6185e-26	7.40998e-25	4.87685e-23	4.76576e-09	1.33579e-07	0.0170103	2.2968e-18	1.43736e-21	9.68863e-27	
0.00911837	3.95627e-35	4.07742e-06	0.120165	3.36726e-12	0.0651058	2.05537e-09	0.00193266	0.795128	0.000277238	1.24268e-36	1.65348e-32	1.19823e-16	1.157e-05	1.18847e-11	1.58035e-07	0.00824331	1.39745e-05	3.7988e-25	7.69382e-10	
0.0987799	1.54739e-13	2.00758e-06	0.141827	5.83227e-50	0.192948	1.48332e-10	0.0846165	0.424926	4.87603e-16	5.41603e-09	3.50656e-11	2.54134e-38	1.36687e-14	8.71378e-36	6.22427e-07	0.0566149	6.61621e-18	0.000285572	1.88696e-35	
0.0238476	3.77866e-07	1.25349e-23	0.382636	1.16883e-51	0.192391	9.32025e-16	0.0185834	0.0817284	2.70454e-93	1.22831e-06	2.72501e-18	1.70363e-14	6.05786e-09	1.12486e-17	0.00106586	0.299741	4.36227e-23	5.02549e-06	1.78933e-37	
0.010229	3.57388e-28	8.05184e-07	0.00687504	1.84833e-05	0.970831	1.95372e-10	0.00276123	0.00605485	1.37373e-09	4.83452e-09	5.50374e-40	2.77328e-18	1.30044e-07	5.33951e-33	1.59981e-12	0.003217	1.28385e-05	5.84035e-37	1.19122e-11	
0.256788	9.80598e-17	4.79273e-20	0.250016	1.84585e-35	0.234962	4.17838e-06	0.0509095	0.043439	2.50838e-05	1.47964e-13	7.70506e-32	1.26333e-47	5.9562e-45	1.4512e-14	1.12151e-22	0.163856	1.28226e-17	5.7691e-22	9.65774e-14	
0.0356245	6.71529e-23	4.51883e-17	0.00411776	1.4949e-07	0.00143139	5.02594e-28	0.213627	0.734637	3.41165e-12	4.52855e-12	1.45186e-07	5.98349e-06	8.03788e-26	1.15185e-14	4.73206e-05	0.0104591	4.46839e-20	4.82222e-05	1.46281e-06	
0.0164446	1.22994e-16	1.18199e-07	0.093307	2.06667e-15	0.0333234	1.91221e-11	0.00500521	0.0161138	3.8632e-11	3.38433e-09	1.29463e-08	2.65223e-05	0.00191309	1.71298e-07	8.17925e-09	0.833866	2.76135e-26	4.84181e-10	9.72783e-10	
0.0239859	1.55639e-05	2.96445e-09	0.942016	3.84536e-09	0.00640767	1.99744e-19	0.00696321	0.0055125	8.18365e-05	7.24883e-13	5.73531e-19	6.73688e-08	0.000161156	1.68594e-09	2.32974e-20	0.0147217	3.00636e-15	0.000134211	4.55865e-14	
0.165607	6.95538e-08	6.09313e-05	0.142904	4.82266e-08	0.178287	4.46993e-06	0.18679	0.241702	1.17992e-11	1.79246e-26	4.74652e-12	2.3625e-29	5.49628e-14	1.01018e-21	6.06468e-15	0.0846437	1.49728e-08	9.65838e-12	4.25172e-10	
0.0406579	6.61519e-05	7.8467e-20	0.00157667	1.43934e-05	0.000821528	8.45861e-07	0.0619829	0.888362	6.72242e-12	1.32147e-05	3.04387e-05	7.49703e-08	7.89053e-38	6.04438e-07	4.2821e-06	0.00646326	5.25361e-06	1.21261e-12	5.42458e-09	
0.586687	3.0027e-14	9.57999e-12	0.00726907	1.07438e-16	0.0158418	1.20329e-09	0.00953796	0.0670926	6.99233e-06	1.10717e-17	1.22193e-40	1.93657e-10	1.19423e-12	7.40894e-30	5.49406e-12	0.313194	0.000157852	7.74267e-16	0.000212206	
0.517244	3.3153e-06	4.05053e-21	0.0492127	1.16941e-08	0.0294089	0.00083104	0.277261	0.0465718	3.76855e-35	5.62223e-05	2.62972e-15	1.55893e-08	3.5628e-38	1.88361e-42	6.14651e-28	0.0794112	8.44947e-08	2.56325e-27	4.61194e-09	
0.0888643	2.02338e-27	4.01741e-12	0.0560073	1.15011e-06	0.18096	1.2796e-11	0.100199	0.529098	3.22849e-30	1.03016e-05	2.00505e-12	4.23235e-21	3.85526e-07	5.09008e-18	1.09432e-11	0.0447417	1.15599e-20	0.000117328	4.08647e-09	
0.286613	1.86704e-21	5.35187e-21	0.0323212	0.000416559	0.0577459	1.65349e-12	0.435526	0.164353	5.50894e-30	2.47159e-17	3.99082e-27	1.52551e-10	1.93809e-17	0.000650552	2.45476e-09	0.0211425	1.64528e-31	0.00123158	7.66057e-10	
0.0284058	1.07392e-14	2.05908e-12	0.000658101	6.57426e-22	0.00256992	5.49866e-29	0.624554	0.338713	4.19652e-14	6.13002e-06	3.88209e-06	5.29258e-11	4.7228e-15	1.18599e-16	2.868e-19	0.00508964	7.14418e-12	1.87625e-08	4.83744e-08	
0.00681049	2.4114e-21	1.2459e-07	0.0243149	1.50299e-26	0.887674	1.60681e-05	0.0286983	0.0485679	1.04852e-16	3.31716e-12	0.000213751	1.35917e-09	2.07525e-06	2.63562e-16	6.36642e-35	0.0037025	2.62422e-16	4.19694e-10	2.02535e-22	
0.243397	3.39491e-88	4.10567e-29	0.133989	6.94182e-07	0.0145821	2.9469e-62	0.0816059	0.0401617	1.67523e-17	2.51311e-06	4.5759e-35	1.03946e-13	3.00691e-15	2.10896e-28	3.80637e-11	0.486253	4.60013e-06	4.44951e-08	3.87613e-06	
0.800693	3.26906e-62	5.52531e-51	0.056222	3.35175e-14	0.0807729	7.01092e-11	0.0334165	0.0104043	7.18595e-13	6.20566e-11	1.04476e-05	1.19592e-08	2.89205e-15	0.000284165	2.7918e-17	0.0181968	1.18432e-45	4.04785e-15	1.59023e-46	
0.612661	4.73054e-06	8.09507e-12	0.0998878	4.58065e-34	0.0872091	1.26757e-39	0.0212368	0.13506	0.00237855	1.07241e-07	1.30993e-06	0.0270369	1.03888e-34	2.75297e-40	5.11643e-22	0.0138223	5.23288e-06	2.44035e-16	0.000696866	
0.0530804	4.39556e-18	5.85743e-25	0.0572938	2.26566e-22	0.41811	2.05805e-27	0.0180005	0.423251	4.94736e-58	2.15315e-07	6.22275e-13	4.74628e-23	2.77672e-09	5.72868e-53	1.09049e-38	0.0302644	2.247e-15	2.11435e-96	7.00833e-16	
0.167501	1.59773e-06	3.98824e-25	0.0929245	6.61416e-17	0.206659	1.92906e-06	0.252202	0.248329	2.23582e-14	5.90149e-05	1.58365e-08	2.04876e-13	8.41769e-06	4.15921e-27	2.44591e-10	0.0323133	9.75081e-08	2.2784e-08	1.3024e-14	
0.526226	1.50901e-16	1.17157e-20	0.00957565	6.1562e-25	0.0188226	1.58634e-10	0.273764	0.153974	3.64891e-05	1.89783e-25	0.0001563	3.37503e-09	3.77708e-10	2.8468e-11	7.31431e-14	0.0174448	1.69789e-10	1.69848e-10	1.77161e-08	
0.479961	9.94012e-08	1.27168e-29	0.0242241	6.52827e-16	0.0141008	3.17496e-64	0.0699551	0.0991037	2.2484e-26	4.77112e-19	1.32281e-09	4.09597e-09	2.46842e-07	3.77971e-23	1.81223e-07	0.312654	4.15774e-101	1.26484e-13	2.3421e-12	
0.458486	1.38649e-13	5.92621e-05	0.194776	5.28383e-12	0.0855395	8.04839e-22	0.0643748	0.141623	3.37094e-08	0.000329441	2.76027e-07	1.79318e-19	2.82057e-08	2.05405e-10	9.60309e-09	0.0532612	0.0015497	1.90259e-11	2.6965e-18	
0.136337	1.01242e-08	4.20191e-39	0.00395329	7.03304e-06	0.00583068	2.18138e-21	0.422672	0.406995	2.21532e-22	1.21996e-18	2.38789e-20	9.87547e-10	4.47766e-32	1.4015e-12	1.88756e-10	0.0242023	4.06292e-13	2.43204e-21	2.49155e-06	
0.0349616	9.5221e-17	5.35856e-06	0.542461	0.0124743	0.0580151	2.50789e-23	0.0995239	0.131607	1.43704e-16	5.09687e-09	2.93245e-15	2.74796e-10	4.05479e-45	7.67777e-19	6.24322e-09	0.120952	1.75305e-50	1.39071e-35	4.02606e-20	
0.0974623	6.54474e-28	2.27179e-17	0.180975	6.21891e-05	0.212379	2.05488e-31	0.306945	0.173025	3.19136e-11	1.05405e-05	6.63605e-17	1.27838e-21	3.80443e-06	0.00021439	1.82946e-15	0.028922	2.57427e-21	4.77781e-12	3.13743e-25	
0.295499	2.07402e-42	1.31693e-05	0.00636362	6.30628e-06	0.00111285	0.00172986	0.0160093	0.0140948	0.000848183	3.05571e-18	1.00751e-16	1.53702e-11	2.84389e-15	3.62378e-22	1.25366e-25	0.663982	0.000341484	5.5136e-11	3.19646e-13	
0.0172681	3.66635e-28	4.03932e-06	0.457011	1.66786e-22	0.25701	1.33427e-07	0.0952037	0.120729	3.11437e-13	7.98478e-71	9.63718e-11	4.62354e-08	1.94159e-27	0.000918911	8.44096e-05	0.0517707	2.27231e-22	3.59721e-62	4.36301e-28	
0.122108	9.20893e-18	2.09788e-23	0.0668015	0.00104899	0.638939	1.5499e-06	0.0411838	0.0230476	8.64788e-09	6.51827e-05	1.6597e-27	4.2069e-07	4.63864e-29	1.7425e-18	1.3081e-29	0.10678	5.08658e-36	8.29645e-08	2.36263e-05	
0.870519	2.29679e-76	4.04276e-22	0.0076491	0.000681315	0.00552504	1.65635e-06	0.0856863	0.00577232	3.19885e-26	6.68012e-17	0.00323848	3.16333e-05	1.49584e-09	8.39248e-13	1.25307e-07	0.0203416	0.000553663	1.9143e-09	1.71571e-24	
0.278963	0.000264091	4.65391e-08	0.00112026	0.000560758	0.00480751	1.64728e-07	0.231747	0.467327	1.0635e-20	3.95034e-17	2.84856e-13	3.04631e-16	1.52302e-05	2.72163e-18	3.01778e-20	0.0151944	4.65491e-10	1.76815e-07	4.71163e-21	
0.0580768	4.14566e-25	3.28357e-26	0.028906	4.62955e-06	0.0179783	1.07856e-46	0.222292	0.639687	3.29046e-06	1.16194e-09	1.2042e-33	5.98853e-30	2.12097e-10	5.11891e-13	2.94309e-19	0.0330522	5.51328e-14	1.26663e-66	2.06662e-12	
0.186963	7.38837e-41	4.50156e-16	0.132691	3.17073e-09	0.0436092	3.46154e-20	0.0385063	0.0707085	1.39264e-05	3.06089e-44	1.07155e-16	6.31843e-19	1.49556e-15	3.05103e-44	3.0489e-08	0.527509	5.25239e-31	3.56082e-22	6.74183e-12	
0.0183754	3.59417e-21	1.30455e-11	0.174211	3.83052e-07	0.0211247	1.8032e-12	0.076532	0.678727	4.29977e-13	1.20428e-82	1.36582e-43	0.00588357	4.81488e-22	3.80131e-20	4.92145e-09	0.0249405	6.11167e-09	9.80609e-71	0.000205398	
0.119014	2.99647e-26	1.61873e-05	0.0820007	4.09882e-10	0.0446515	9.27338e-07	0.370879	0.257208	8.63302e-10	1.07948e-10	0.000354461	1.07878e-05	6.8608e-09	1.45406e-16	4.55156e-43	0.125864	3.35827e-15	8.6317e-19	2.28986e-19	
0.0725181	3.31391e-21	1.00171e-10	0.0999198	0.000877137	0.0476477	4.09605e-06	0.123937	0.544199	1.62636e-05	1.97236e-21	1.8447e-07	5.08227e-60	3.69093e-05	1.8355e-25	0.000197112	0.109534	6.93779e-12	2.63912e-13	0.00111252	
0.830953	6.72575e-09	1.84316e-22	0.00614881	2.96191e-12	0.000528517	1.39537e-21	0.0144098	0.0305475	4.12485e-05	3.33164e-07	1.86396e-08	6.28399e-17	6.14729e-13	1.7262e-39	6.42006e-16	0.117371	3.65047e-13	1.88815e-13	1.44216e-22	
0.0746512	7.74343e-09	5.37284e-05	0.111899	1.9219e-07	0.392198	1.25217e-18	0.0825112	0.291313	0.000324385	1.10953e-08	2.82901e-10	5.80358e-10	6.11609e-18	5.71324e-15	1.82879e-25	0.0470495	7.78587e-22	4.66379e-20	8.68613e-08	
0.25551	0.000145265	2.67112e-34	0.19177	1.16779e-05	0.133498	5.26848e-06	0.098561	0.210536	2.67348e-08	3.67144e-16	2.54947e-26	3.79595e-05	1.0437e-10	2.07726e-12	1.05158e-08	0.109925	4.3963e-27	1.82637e-10	4.33468e-09	
0.058208	9.86431e-15	1.2647e-23	0.230401	1.42505e-21	0.388082	6.58945e-15	0.115521	0.103392	1.74767e-06	2.71542e-55	1.36207e-13	0.000737202	4.89091e-10	1.22528e-27	1.41267e-09	0.103657	5.54036e-10	3.70925e-07	9.02685e-19	
0.0824446	3.08345e-12	5.62742e-15	0.708236	7.79248e-05	0.143017	1.42196e-25	0.0190286	0.0310298	7.30988e-16	5.15245e-13	0.000491116	2.89086e-08	3.90578e-05	5.61921e-54	4.16134e-12	0.0153611	0.000274343	7.60463e-21	2.85216e-10	
0.0881511	0.000309767	9.65692e-23	0.269745	2.48874e-07	0.281593	5.88868e-17	0.0526055	0.0371967	2.20983e-15	1.2759e-08	2.79848e-22	2.47812e-27	2.4602e-08	1.23658e-63	1.50678e-26	0.270399	3.79279e-16	3.44873e-26	5.26786e-10	
0.0124339	1.11986e-05	3.50623e-60	0.0423011	0.000137845	0.374688	2.44339e-13	0.103127	0.442827	8.41917e-34	0.00174979	1.99361e-05	6.46592e-16	1.69396e-16	0.000353797	3.47035e-31	0.0221592	1.15786e-23	0.000190605	1.67847e-12	
0.524375	4.28405e-42	1.54016e-32	0.182448	1.07577e-11	0.205727	4.86237e-23	0.0379414	0.0242018	3.69359e-08	2.68988e-12	1.27845e-32	2.23346e-34	6.2724e-18	1.43348e-32	1.4331e-05	0.0252908	1.41281e-07	7.80533e-22	8.16675e-07	
0.0160141	4.51601e-18	5.10598e-11	0.00942794	5.12375e-05	0.00453881	6.41775e-08	0.00975261	0.00811178	7.0839e-09	2.23942e-11	1.51497e-07	1.02173e-13	2.47766e-13	9.58741e-22	1.09884e-11	0.952103	2.40574e-08	9.39615e-14	3.05294e-18	
0.829425	4.20668e-25	9.53644e-15	0.00427344	3.13984e-14	0.00528328	5.69545e-09	0.0422424	0.108041	5.1325e-26	0.000560083	2.22699e-07	4.75408e-42	1.97113e-25	2.40217e-25	1.1297e-15	0.010174	9.06569e-31	2.02735e-41	9.90581e-10	
0.126812	5.46921e-40	7.81303e-27	0.014327	2.39199e-05	0.0059679	1.09659e-13	0.584651	0.223178	0.000351871	5.73063e-32	3.76605e-10	3.72398e-50	2.87987e-57	9.00888e-35	4.40232e-07	0.0446821	5.46635e-06	5.27522e-10	3.02423e-26	
0.124205	3.53984e-11	0.00134312	0.218091	5.87708e-07	0.0741267	1.27965e-11	0.16393	0.284245	8.05533e-10	9.43061e-24	1.72648e-08	4.05188e-09	2.91998e-14	1.79602e-24	2.59217e-05	0.134032	2.94276e-16	4.10112e-14	1.50855e-12	
0.0986436	9.74975e-33	8.8539e-27	0.0018216	6.58405e-32	0.0129453	7.32858e-31	0.170813	0.706837	7.02681e-11	5.12905e-24	3.19957e-34	6.34305e-05	3.08984e-08	1.62623e-09	3.62008e-06	0.0088706	3.20999e-39	1.57891e-25	2.34743e-06	
0.017116	1.47947e-45	1.4212e-06	0.140254	2.10324e-13	0.75891	4.96926e-09	0.0171312	0.0156582	2.44966e-12	1.01538e-09	1.02108e-15	4.58286e-07	0.000435292	1.95943e-26	2.0863e-14	0.0504936	1.08334e-13	1.20044e-30	9.23969e-14	
0.164548	1.24415e-12	0.000273884	0.352213	5.2512e-12	0.195747	2.4765e-33	0.0506501	0.0931521	1.84861e-14	5.37531e-15	4.93925e-05	2.9054e-06	6.13333e-25	3.67569e-18	7.11733e-13	0.143357	1.78307e-14	6.09175e-06	9.91536e-10	
0.254467	1.51744e-41	8.30291e-11	0.274665	7.44282e-19	0.17361	4.99567e-25	0.0629161	0.193526	1.18963e-09	4.47141e-25	8.88074e-17	6.64641e-07	9.25366e-12	6.48479e-57	7.68279e-21	0.0407605	5.5456e-05	4.60336e-15	7.85297e-33	
0.0355303	2.62004e-42	1.40765e-42	0.258941	4.20994e-06	0.0744649	3.82093e-42	0.535356	0.0773786	9.29454e-10	3.493e-11	4.75116e-10	6.21698e-31	2.59237e-21	3.38542e-14	1.92941e-60	0.018314	1.14412e-05	1.77435e-27	6.86447e-14	
0.154654	2.15112e-10	7.31451e-63	0.111109	4.50717e-31	0.0260564	4.44453e-42	0.0154778	0.0112369	3.85751e-25	2.79938e-65	5.22495e-05	2.85513e-19	1.24772e-05	2.51503e-14	3.65669e-34	0.677151	5.96502e-09	6.0974e-39	0.00424949	
0.649874	2.22319e-07	1.36844e-12	0.00570201	1.7092e-05	0.000206072	9.8669e-37	0.0194132	0.269413	1.10781e-17	7.34841e-17	3.18692e-21	0.000481176	7.23291e-06	5.19479e-58	2.92483e-06	0.0548835	8.947e-08	4.99152e-13	1.24462e-14	
0.689916	3.12726e-07	2.53672e-16	0.241661	8.18145e-05	0.0405927	8.35791e-24	0.0102203	0.00997624	2.62443e-05	4.30357e-10	2.39454e-13	6.1134e-05	4.33956e-05	1.10072e-10	1.61146e-17	0.00742065	3.08904e-25	2.08218e-10	6.31869e-15	
0.175837	1.22855e-14	1.13685e-13	0.00191177	2.67138e-18	0.00640258	2.82165e-28	0.0448167	0.756262	4.12867e-14	0.000124971	1.00669e-100	6.25897e-43	3.40945e-07	1.79971e-26	6.61817e-24	0.0146425	1.16279e-06	2.04794e-10	6.22859e-10	
0.026447	1.03053e-24	1.38857e-09	0.190685	0.000539745	0.0325454	1.38067e-11	0.347927	0.377596	4.1232e-05	6.66621e-07	3.84086e-20	1.55967e-39	1.0335e-07	1.2154e-08	1.56319e-09	0.0242176	6.39893e-23	1.02309e-101	1.49696e-15	
0.0781699	6.13354e-21	4.80647e-05	0.015471	9.23842e-21	0.016054	1.47307e-10	0.257315	0.560247	1.85454e-06	2.59672e-28	9.74839e-07	1.76957e-64	3.88041e-07	2.76701e-16	1.60082e-05	0.072404	3.40418e-21	0.00027142	1.22406e-31	
0.33233	1.43742e-15	3.5151e-09	0.0253456	1.14839e-12	0.00449367	3.93608e-23	0.363707	0.0521927	1.16832e-18	2.07891e-39	8.65306e-11	1.68888e-09	1.9256e-15	0.000279405	1.59247e-37	0.221639	6.20993e-06	6.87335e-06	1.23109e-37	
0.088345	9.95468e-09	5.45205e-05	0.0670983	2.64464e-09	0.0480295	8.23144e-18	0.269151	0.499749	2.46333e-07	0.00292042	4.2073e-08	3.191e-08	8.95285e-10	2.05483e-07	3.68085e-16	0.0246477	1.4709e-15	9.56291e-17	4.20619e-06	
0.571495	1.15372e-14	4.74203e-07	0.0485827	2.49091e-10	0.0710365	5.72409e-62	0.121735	0.148232	8.54545e-08	4.81676e-05	0.000144266	2.0944e-14	4.27589e-10	6.88945e-23	2.10947e-13	0.0387251	1.07888e-11	1.17249e-27	1.19264e-11	
0.288369	2.74831e-15	6.79253e-13	0.131787	9.48697e-29	0.267908	5.07353e-16	0.154323	0.0908736	9.07178e-20	4.62594e-11	8.63279e-14	1.80051e-13	2.19507e-40	8.57349e-79	1.34044e-41	0.0667391	2.70364e-18	2.703e-13	2.19191e-28	
0.0335289	2.07336e-29	4.19855e-07	0.656979	2.5461e-56	0.0342491	3.39141e-19	0.0819904	0.179305	8.63334e-13	1.71981e-24	6.9176e-46	0.000574467	3.02407e-21	3.02332e-11	1.11595e-18	0.0133731	1.84351e-08	5.54427e-20	1.80806e-67	
0.152824	1.02892e-11	2.32534e-07	0.271762	1.06343e-37	0.473138	8.35322e-17	0.022923	0.0514327	3.87565e-05	3.35195e-15	0.000790739	1.5073e-07	7.442e-09	0.000553078	2.93252e-19	0.0265346	2.97143e-06	7.27566e-31	5.12651e-08	
0.339664	5.75682e-25	1.91395e-06	0.307692	4.04548e-05	0.120763	5.02391e-36	0.0102733	0.00835716	8.76921e-06	1.3561e-23	7.38096e-10	3.1243e-66	2.12461e-12	4.15253e-05	5.2977e-10	0.213145	1.28329e-05	5.9732e-19	2.19694e-20	
0.173993	1.21626e-37	5.82063e-11	0.00416369	1.90933e-06	0.00479538	5.35361e-51	0.118025	0.602864	1.69733e-09	1.9928e-06	2.07182e-52	1.34302e-21	7.17351e-17	1.53351e-28	0.0001362	0.0960181	1.06473e-19	1.80152e-19	5.91314e-22	
0.0550175	1.09428e-18	3.28971e-26	0.335073	2.49093e-47	0.143973	5.13124e-05	0.0530137	0.257689	2.62025e-20	9.61046e-07	3.09525e-10	6.6123e-08	2.72695e-09	1.76293e-51	8.73259e-12	0.155182	3.08513e-08	1.00503e-11	9.88609e-24	
0.123705	1.35324e-23	1.01834e-29	0.1007	5.45084e-17	0.0989808	1.04533e-34	0.228601	0.105962	7.4966e-48	1.71811e-06	4.50312e-10	8.1516e-09	1.06638e-13	2.69399e-05	0.00010138	0.341921	1.19678e-45	5.40457e-23	9.18354e-23	
0.592853	2.15655e-09	1.498e-09	0.0379405	3.74731e-20	0.138564	2.56669e-98	0.0740107	0.131645	4.41578e-12	2.21918e-63	5.99548e-25	1.81268e-23	2.64627e-19	0.00366541	9.47048e-29	0.0207665	0.000553868	1.72913e-19	7.9677e-07	
0.0595322	1.95934e-36	7.20904e-06	0.00141303	1.12244e-45	0.00189541	2.75688e-10	0.625217	0.187627	1.98784e-36	1.80391e-12	8.91832e-15	2.20629e-16	8.0908e-11	6.97397e-22	2.7961e-43	0.124308	2.82093e-10	5.3558e-08	2.34876e-24	
0.169027	2.45026e-15	1.26752e-08	0.065233	1.54632e-16	0.727308	1.18846e-06	0.00543909	0.0205456	0.000591082	6.62626e-08	2.47954e-19	3.81351e-25	4.57753e-25	5.74505e-19	1.99912e-101	0.0118549	9.13737e-11	2.46569e-15	1.14076e-11	
0.0320895	7.6599e-11	7.07069e-26	0.156735	3.76251e-37	0.138298	7.9082e-07	0.562605	0.0875045	9.08398e-27	0.000535508	9.56133e-14	2.02565e-09	5.38062e-39	0.00035114	0.000335291	0.0213099	0.000193272	4.14778e-05	1.64256e-30	
0.242083	1.54287e-18	4.58086e-08	0.129561	1.82872e-07	0.0599605	4.64451e-55	0.18986	0.163658	4.20905e-17	2.5557e-10	3.79165e-09	5.61583e-11	7.93491e-22	6.05443e-08	4.86512e-20	0.214702	0.0001751	3.75341e-66	9.65937e-41	
0.052177	3.28278e-36	2.95946e-12	0.744684	6.12707e-35	0.0338732	1.85139e-15	0.00892093	0.0153538	1.12673e-06	7.04019e-05	2.66763e-25	1.61471e-15	2.35598e-35	0.000478899	1.54919e-14	0.14442	3.24506e-07	2.03762e-05	3.64766e-29	
0.0166353	1.51842e-21	5.99197e-08	0.0316037	4.11457e-17	0.0394115	2.98196e-30	0.21541	0.36904	1.17094e-11	0.00210763	7.81427e-09	0.000455313	1.70412e-17	3.67845e-22	1.24182e-79	0.325336	1.98576e-29	2.87828e-20	5.92844e-28	
0.017052	1.91838e-26	6.62273e-06	0.0091489	7.74703e-06	0.607111	3.43354e-05	0.0228495	0.337477	5.7189e-06	9.60653e-25	2.1432e-19	5.45753e-05	2.65724e-06	3.09503e-13	4.12426e-05	0.00620873	2.13859e-13	1.1052e-08	5.87519e-14	
0.0386805	7.33595e-13	2.15935e-10	0.256598	7.0377e-17	0.451167	8.74724e-23	0.0586028	0.163203	1.71033e-24	1.79001e-10	4.64559e-23	6.19367e-33	4.60173e-09	2.33091e-44	2.3778e-07	0.0317481	6.681e-13	3.44221e-15	2.31953e-13	
0.13553	2.19995e-25	8.9589e-05	0.328574	1.00683e-29	0.257873	8.8895e-28	0.175149	0.0327076	6.93545e-10	2.6282e-37	7.27152e-10	6.97435e-22	7.4651e-10	6.77545e-58	2.85154e-22	0.0700717	4.68678e-15	2.15842e-58	4.93875e-06	
0.0865531	5.76694e-15	8.20111e-18	0.10563	0.000101805	0.0554177	8.01321e-12	0.0423656	0.147381	5.95897e-06	1.44539e-08	3.05212e-17	6.8171e-71	8.73187e-09	3.17802e-23	6.68814e-21	0.562544	3.88837e-14	8.99638e-33	2.62147e-12	
0.0544199	0.000123737	0.00190522	0.0716744	2.88768e-41	0.232019	5.86645e-12	0.255129	0.346549	7.77119e-11	1.12532e-44	2.01294e-10	6.35463e-13	8.6201e-08	6.21998e-43	5.83239e-06	0.0381725	1.01535e-09	2.84831e-07	6.95917e-07	
0.906552	2.85183e-05	3.447e-12	0.0685147	8.70683e-25	0.00718875	0.000646692	0.00115668	0.0132983	8.38507e-06	7.79633e-20	1.13178e-11	7.77054e-12	2.0153e-21	8.0875e-08	3.81326e-10	0.00258331	2.72595e-09	4.45534e-11	2.29995e-05	
0.20427	1.26869e-36	1.04754e-14	0.216642	1.68788e-10	0.0946052	9.16024e-11	0.192129	0.288882	2.03047e-07	3.46672e-08	7.57037e-14	1.75936e-08	1.34823e-13	3.04189e-10	2.20045e-08	0.00342468	4.66579e-05	5.20596e-32	1.90305e-07	
0.369943	1.61068e-33	2.72699e-16	0.00668484	7.69542e-14	0.0477127	1.03148e-16	0.222585	0.317104	5.38729e-10	3.52324e-06	1.26361e-09	5.29032e-13	2.46771e-28	9.7869e-08	9.69987e-07	0.0358767	8.82603e-20	8.87446e-05	3.19735e-27	
0.409857	1.8475e-21	6.64407e-18	0.24515	1.88817e-13	0.022978	1.80226e-22	0.0630755	0.0651826	8.75897e-06	1.36491e-10	2.17769e-23	4.17698e-07	3.42443e-06	2.0298e-13	2.32668e-07	0.193744	6.0062e-15	1.41771e-21	5.83979e-08	
0.185339	3.41201e-17	1.35051e-06	0.433507	1.14309e-08	0.0572925	3.70269e-24	0.108729	0.186	1.73257e-21	0.000137116	6.32884e-38	1.17781e-11	3.02486e-09	0.000696433	2.32164e-36	0.0280845	0.000168256	9.29286e-16	4.50636e-05	
0.0653494	9.16196e-08	9.80334e-47	0.0777552	0.000495945	0.107501	1.28905e-22	0.0463661	0.684897	1.91629e-08	3.10343e-52	6.5748e-25	1.53949e-06	4.40479e-13	1.7435e-09	5.21581e-13	0.0176335	3.14944e-08	2.41721e-25	1.44282e-10	
0.0664105	1.39719e-10	1.86122e-13	0.239932	6.80221e-30	0.0927763	5.34854e-28	0.181176	0.150921	0.00451072	2.38308e-11	1.34438e-08	3.66246e-17	1.24015e-20	3.27355e-07	3.26175e-26	0.264273	4.8642e-101	4.28004e-38	4.15832e-07	
0.0183877	6.82591e-31	1.00537e-16	0.382109	4.32865e-33	0.085886	2.2606e-10	0.0519736	0.460804	1.12148e-10	1.74752e-11	6.68577e-08	3.25052e-05	2.07336e-27	8.94156e-06	6.14376e-11	0.000797721	3.82588e-08	1.51367e-16	3.12871e-32	
0.00831137	2.09326e-12	6.86741e-07	0.0367781	1.62676e-08	0.0775957	0.00468484	0.194966	0.084474	5.05012e-17	5.20134e-13	9.24686e-12	7.93131e-06	4.96777e-10	2.57865e-23	0.000124041	0.593058	2.52478e-09	5.3707e-15	1.18574e-21	
0.133756	1.99646e-14	1.41268e-16	0.137497	1.05652e-43	0.178819	2.29018e-10	0.00207106	0.512842	2.55343e-11	1.07889e-06	1.31918e-14	5.64508e-08	9.09875e-28	1.93152e-19	2.32998e-22	0.0335657	9.53697e-08	0.00144849	4.41548e-29	
0.235012	3.33692e-35	0.00931308	0.482884	1.48698e-28	0.0571102	2.79865e-06	0.0285022	0.128881	5.54173e-16	7.45858e-08	1.57962e-06	2.04394e-06	6.48894e-50	1.22689e-10	7.98507e-14	0.0582791	1.24615e-05	6.23235e-31	7.05422e-17	
0.0912859	8.21212e-11	5.01562e-76	0.0479019	6.11866e-09	0.0899689	3.47096e-21	0.0343294	0.509	1.68441e-09	2.78965e-10	1.18681e-24	7.22251e-26	2.08081e-23	2.57536e-06	1.1794e-17	0.227511	5.72957e-21	2.94156e-12	2.81596e-15	
0.27955	1.85967e-05	0.000442414	0.306265	8.07619e-28	0.052586	3.99789e-18	0.0368383	0.0312373	0.000491666	1.3534e-09	9.66611e-19	5.04778e-60	1.05576e-33	5.32878e-28	0.000383044	0.291259	5.33797e-35	2.99846e-07	0.000927828	
