CATGTRSBDP
1	1000	1000
1
1.8
0	0
0	0
WhelanD20_AA_mod_transform-02_states-20.phy
4
0
Universal

0
0
0
None
0
10	0
0
(((((Homo_sapiens:0.163474149380297,Danio_rerio:0.151409328663684):0.0696873468058996,Petromyzon_marinus:0.301587968137266):0.211912887014958,((Saccoglossus_kowalevskii:0.300211647015834,Strongylocentrotus_purpuratus:0.432883590706349):0.0447129010400071,(((Eunicella_verrucosa:0.372998373150526,((Acropora_digitifera:0.117704808616562,Platygyra_carnosa:0.875266054429322):0.108520295256897,((Bolocera_tuediae:0.111773082066022,(Hormathia_digitata:0.0760072533086674,Aiptasia_pallida:0.137764920234599):0.0206722726771707):0.06003241555977,Nematostella_vectensis:0.177661785356119):0.0820899701524651):0.0895548728127074):0.0553485039423137,(((Physalia_physalis:0.139463509362019,((Craseoa_lathetica:0.0751344886728337,Abylopsis_tetragona:0.166472580904591):0.04310512645915,(Agalma_elegans:0.0564745781355534,Nanomia_bijuga:0.110057305793709):0.0526270871469255):0.0558409121154588):0.10618776414986,((Hydra_oligactis:0.0426630108309844,Hydra_vulgaris:0.0221240000983427):0.0357012627642889,Hydra_viridissima:0.0702146855442677):0.213478382824351):0.220428899247023,(Aurelia_aurita:0.267053364665308,Periphylla_periphylla:0.224364072109388):0.0629181167841046):0.172056663329099):0.0750919000648056,(Trichoplax_adhaerens:0.763766399081316,(((((Coeloplana_astericola:0.196408827170162,Vallicula_sp:0.139037394725479):0.141002583678881,((Pleurobrachia_bachei:0.180904628538742,Pleurobrachia_atlantica:0.00649342069972371):0.250619123925951,((((Mertensiidae_sp:0.0433762094326261,Bolinopsis_infundibulum:0.0532261524336891):0.0929064958152186,Mnemiopsis_leidyi:0.105375465890038):0.0211737046445392,Beroe_abyssicola:0.15578682165391):0.0195945854925689,Dryodora_glandiformis:0.180383214065951):0.0374318774533467):0.0621204127987292):0.130864308199379,Euplokamis_dunlapae:0.258728580133888):1.00416724444649,((Monosiga_ovata:1.17788888625002,Salpingoeca_rosetta:1.32983271234714):0.469066382492936,(((Allomyces_macrogynus:1.23131800132661,((Mortierella_verticillata:0.506689441437202,Rhizopus_oryzae:0.646266090886279):0.14856197248198,Spizellomyces_punctatus:0.683384833379782):0.0591146951131263):0.5362368935567,(Sphaeroforma_arctica:0.878658200922865,Amoebidium_parasiticum:0.433206375453087):0.384373472653334):0.0505474569918957,(Capsaspora_owczarzaki:0.858856125074852,Ministeria_vibrans:1.19680130465066):0.0984166648009552):0.106441426038748):0.258376904360998):0.0300308856229544,(((Corticium_candelabrum:0.395168643159481,Oscarella_carmela:0.38379025250588):0.217700078965532,(Sycon_coactum:0.13879014487078,Sycon_ciliatum:0.0914359940610441):0.683664858912604):0.0427494792059801,(((Ircinia_fasciculata:0.423078149037443,Chondrilla_nucula:0.57529318249119):0.0615266770926509,(((Pseudospongosorites_suberitoides:0.251091521341922,((Latrunculia_apicalis:0.12731881543716,(Crella_elegans:0.131044052634019,Kirkpatrickia_variolosa:0.0881688774128594):0.0509710581916374):0.156769752640982,Tethya_wilhelma:0.195531129556704):0.0231003514644058):0.0945336940457357,(Ephydatia_muelleri:0.0634196129194368,Spongilla_alba:0.119083823479933):0.299061881541601):0.0475409937551336,(Petrosia_ficiformis:0.214269743966762,Amphimedon_queenslandica:0.371910812271157):0.200199510285989):0.110370945949319):0.125619035720873,(Hyalonema_populiferum:0.683014794549402,(Aphrocallistes_vastus:0.182482378292128,(Rossella_fibulata:0.0854310469418725,Sympagella_nux:0.0801940965921932):0.11235936335992):0.285241839088659):0.767919331174842):0.0933710393555023):0.0396968272191878):0.0321778457381427):0.0220125540982994):0.0922516853438849):0.0203614373867519):0.0449640119022728,((Lithobius_forficatus:0.29804198612102,(Daphnia_pulex:0.438564840807474,Drosophila_melanogaster:0.650154465208109):0.10062266616138):0.0779883842758901,Priapulus_caudatus:0.42398212491925):0.0283647841497562):0.069198319101175,(Lottia_gigantea:0.356677427753251,Capitella_teleta:0.386986253081775):0.029220156612386,(Hemithiris_psittacea:0.346595130224736,Tubulanus_polymorphus:0.353518265801315):0.021045468235048);
(((((Homo_sapiens:0.163474149380297,Danio_rerio:0.151409328663684):0.0696873468058996,Petromyzon_marinus:0.301587968137266):0.211912887014958,((Saccoglossus_kowalevskii:0.300211647015834,Strongylocentrotus_purpuratus:0.432883590706349):0.0447129010400071,(((Eunicella_verrucosa:0.372998373150526,((Acropora_digitifera:0.117704808616562,Platygyra_carnosa:0.875266054429322):0.108520295256897,((Bolocera_tuediae:0.111773082066022,(Hormathia_digitata:0.0760072533086674,Aiptasia_pallida:0.137764920234599):0.0206722726771707):0.06003241555977,Nematostella_vectensis:0.177661785356119):0.0820899701524651):0.0895548728127074):0.0553485039423137,(((Physalia_physalis:0.139463509362019,((Craseoa_lathetica:0.0751344886728337,Abylopsis_tetragona:0.166472580904591):0.04310512645915,(Agalma_elegans:0.0564745781355534,Nanomia_bijuga:0.110057305793709):0.0526270871469255):0.0558409121154588):0.10618776414986,((Hydra_oligactis:0.0426630108309844,Hydra_vulgaris:0.0221240000983427):0.0357012627642889,Hydra_viridissima:0.0702146855442677):0.213478382824351):0.220428899247023,(Aurelia_aurita:0.267053364665308,Periphylla_periphylla:0.224364072109388):0.0629181167841046):0.172056663329099):0.0750919000648056,(Trichoplax_adhaerens:0.763766399081316,(((((Coeloplana_astericola:0.196408827170162,Vallicula_sp:0.139037394725479):0.141002583678881,((Pleurobrachia_bachei:0.180904628538742,Pleurobrachia_atlantica:0.00649342069972371):0.250619123925951,((((Mertensiidae_sp:0.0433762094326261,Bolinopsis_infundibulum:0.0532261524336891):0.0929064958152186,Mnemiopsis_leidyi:0.105375465890038):0.0211737046445392,Beroe_abyssicola:0.15578682165391):0.0195945854925689,Dryodora_glandiformis:0.180383214065951):0.0374318774533467):0.0621204127987292):0.130864308199379,Euplokamis_dunlapae:0.258728580133888):1.00416724444649,((Monosiga_ovata:1.17788888625002,Salpingoeca_rosetta:1.32983271234714):0.469066382492936,(((Allomyces_macrogynus:1.23131800132661,((Mortierella_verticillata:0.506689441437202,Rhizopus_oryzae:0.646266090886279):0.14856197248198,Spizellomyces_punctatus:0.683384833379782):0.0591146951131263):0.5362368935567,(Sphaeroforma_arctica:0.878658200922865,Amoebidium_parasiticum:0.433206375453087):0.384373472653334):0.0505474569918957,(Capsaspora_owczarzaki:0.858856125074852,Ministeria_vibrans:1.19680130465066):0.0984166648009552):0.106441426038748):0.258376904360998):0.0300308856229544,(((Corticium_candelabrum:0.395168643159481,Oscarella_carmela:0.38379025250588):0.217700078965532,(Sycon_coactum:0.13879014487078,Sycon_ciliatum:0.0914359940610441):0.683664858912604):0.0427494792059801,(((Ircinia_fasciculata:0.423078149037443,Chondrilla_nucula:0.57529318249119):0.0615266770926509,(((Pseudospongosorites_suberitoides:0.251091521341922,((Latrunculia_apicalis:0.12731881543716,(Crella_elegans:0.131044052634019,Kirkpatrickia_variolosa:0.0881688774128594):0.0509710581916374):0.156769752640982,Tethya_wilhelma:0.195531129556704):0.0231003514644058):0.0945336940457357,(Ephydatia_muelleri:0.0634196129194368,Spongilla_alba:0.119083823479933):0.299061881541601):0.0475409937551336,(Petrosia_ficiformis:0.214269743966762,Amphimedon_queenslandica:0.371910812271157):0.200199510285989):0.110370945949319):0.125619035720873,(Hyalonema_populiferum:0.683014794549402,(Aphrocallistes_vastus:0.182482378292128,(Rossella_fibulata:0.0854310469418725,Sympagella_nux:0.0801940965921932):0.11235936335992):0.285241839088659):0.767919331174842):0.0933710393555023):0.0396968272191878):0.0321778457381427):0.0220125540982994):0.0922516853438849):0.0203614373867519):0.0449640119022728,((Lithobius_forficatus:0.29804198612102,(Daphnia_pulex:0.438564840807474,Drosophila_melanogaster:0.650154465208109):0.10062266616138):0.0779883842758901,Priapulus_caudatus:0.42398212491925):0.0283647841497562):0.069198319101175,(Lottia_gigantea:0.356677427753251,Capitella_teleta:0.386986253081775):0.029220156612386,(Hemithiris_psittacea:0.346595130224736,Tubulanus_polymorphus:0.353518265801315):0.021045468235048);
1
3.50171
0.942702
5000
189.066
0.775204	0.304056	0.357311	0.441927	0.410899	0.394879	0.330493	0.461123	0.510237	0.706686	0.333377	0.383862	0.238954	0.46178	0.503484	0.676003	0.573279	0.600957	0.197275	0.352401	

1.03188	0.507263	0.980538	0.242473	3.72263	0.299508	0.381409	0.461632	0.398211	0.670946	0.576661	1.88863	0.876812	0.272054	5.49858	3.59498	2.86364	0.0407451	0.190972	0.137305	0.284837	1.60161	2.11262	1.03958	0.424534	0.191736	0.519053	0.523811	1.56194	0.363098	0.657577	1.44488	7.19106	1.7077	1.08311	1.10964	2.48659	5.9017	0.0154077	1.27921	0.650558	0.0524724	0.306798	0.0837268	0.0747957	3.60609	0.193541	0.474541	0.0850737	0.746995	0.437717	0.130393	0.034197	0.187688	0.0623799	0.947658	0.460223	0.205715	0.726919	0.209334	0.269134	0.727583	0.331087	2.57468	0.204816	0.556261	0.517055	0.506716	0.0674416	0.0429311	0.00275257	1.06025	0.799362	0.0554347	1.90381	0.752454	0.250951	0.113614	0.0636451	0.0908537	0.603215	0.252839	0.696384	0.768624	7.23287	0.644316	0.164158	0.532335	0.182023	0.130052	1.30613	0.360936	0.678093	0.775372	3.74681	0.45271	0.330341	0.104348	0.000430636	0.272464	0.684501	0.765543	0.393965	5.47005	1.10673	5.81097	1.93983	0.895444	0.643211	0.210318	0.166569	5.35134	0.324181	2.80469	4.51977	0.678646	0.227492	0.178231	0.217482	0.37309	2.23788	8.54404	0.181934	0.234134	0.272443	0.766435	2.16853	0.392059	2.25395	5.07753	0.808646	1.0207	0.285782	0.0791552	0.0625438	5.23731	0.237285	0.51585	1.32532	0.341246	0.626556	0.576168	1.762	0.401844	0.388154	0.572071	0.336902	1.41556	0.393221	0.806294	2.84405	2.43192	0.326784	0.27144	0.397039	1.57761	0.612171	5.47128	2.79215	0.298139	0.153167	0.886109	1.26106	0.488174	1.77703	0.956668	0.479182	0.125364	0.0449452	1.95419	1.18355	0.994706	0.549927	0.114663	0.198178	0.766133	0.606448	0.189467	0.313238	0.113373	7.43554	0.569337	0.298181	0.457088	2.11844	0.0769299	0.173221	0.113954	0.157754	0.702096	

0.0637515	0.0121977	0.10274	0.130657	0.0131361	0.0398203	0.0321827	0.000190808	0.0420598	0.0461467	0.0179302	0.0292359	0.00356875	0.0536195	0.0743068	0.207884	0.0502035	0.0384495	0.0119035	0.0300151	
0.00354759	0.000805019	0.00158123	0.00111525	0.0734195	0.793467	0.00105321	0.00406545	0.00185401	0.00314177	0.00403624	0.00032426	0.00282691	0.000317442	0.00165076	0.00179505	0.00248184	0.000950791	0.00362151	0.0979452	
0.0154432	0.0650568	1.58501e-05	0.0251673	0.0919462	0.0145713	0.101155	0.00796512	0.047698	0.0447612	0.00864477	0.0265848	8.68658e-06	0.0605157	0.0626717	0.199341	0.0308524	0.0180688	0.0240043	0.155528	
0.113218	0.00424213	0.0903246	0.16835	0.0032728	0.0377258	0.0183726	0.0107236	0.0952298	0.024752	0.00438574	0.0238848	0.143773	0.0560595	0.0232346	0.122523	0.0331987	0.0208247	0.000576738	0.00532828	
0.0578927	0.00244469	0.0798208	0.296113	0.0034198	0.0110718	0.00966308	0.0265129	0.0776142	0.03159	0.0110111	0.0330586	0.0079456	0.0767336	0.0410306	0.0946015	0.0871553	0.0447236	9.05866e-08	0.0075967	
0.010517	5.31382e-05	2.18084e-06	0.00145267	0.0135609	0.0198907	0.00176803	0.0120865	0.0174527	0.00481372	0.000372807	0.00167116	0.00717622	7.97039e-06	0.00734867	0.000337069	0.0137762	0.00859031	0.00773635	0.871386	
0.00169485	0.00122075	0.00181157	0.931368	0.00951045	0.000106871	0.000310598	6.82243e-05	0.00180927	5.02569e-05	0.000598409	0.00118767	0.000711945	0.003681	0.0165252	0.00180092	0.00183908	0.00200625	3.10292e-05	0.023668	
0.0106301	0.00258786	0.04666	0.0155188	0.00426777	0.0149933	0.00724499	5.08689e-06	0.000942166	0.000166742	0.00299653	0.0347611	0.0394821	0.0111259	0.0060226	0.486402	0.299509	0.0126661	0.00391187	0.000105494	
0.0301859	0.016571	0.0196968	0.0669942	0.0276817	0.00943452	0.0233505	0.15723	0.0438006	0.0719818	0.0165778	0.00783194	0.0139155	0.032141	0.0618423	0.0335403	0.100723	0.251464	7.66851e-06	0.0150302	
0.0565173	0.00134413	0.0184725	0.0425024	0.0251211	0.055281	0.0269868	0.00697662	0.0517543	0.0404835	0.0120176	0.0228704	0.280582	0.0570787	0.0710449	0.0567438	0.0608137	0.0415113	0.0320165	0.0398814	
0.00204626	0.00266354	0.942428	0.00259798	0.00423923	0.00188612	6.36075e-06	0.00452222	0.00131047	0.00702518	0.000441294	0.00291496	0.00199582	0.000164939	0.017809	0.0025108	0.000198723	6.41569e-05	3.04958e-06	0.00517227	
0.0116806	0.0496907	0.0658777	0.148092	0.0175236	0.0220002	0.023386	0.0205945	0.0759216	0.0478948	0.0737977	0.0623159	0.0260123	0.0553091	0.0502939	0.0452228	0.0613703	0.134718	0.0082439	5.39393e-05	
0.091176	0.000967339	0.0427247	0.063692	0.00372813	0.0890797	0.0171163	0.0150157	0.0572609	0.021421	0.00684438	0.177976	0.00539178	0.0918995	0.0276277	0.171836	0.0959045	0.0183044	0.000212202	0.00182233	
0.00598649	0.00040387	0.00079741	4.34209e-07	0.00752906	0.00403492	0.00147016	0.0027526	0.000922362	0.00513795	0.000326567	0.00212609	0.00326462	0.000194571	0.00102807	0.0108768	0.949903	0.00137905	0.00014354	0.00172248	
0.0313603	6.85782e-09	0.0265142	0.394752	0.000190542	0.0104965	0.0138937	0.0031941	0.072302	0.0632508	0.00805301	0.0143335	0.0173243	0.208092	0.0196062	0.0339382	0.0551597	0.0173118	5.03356e-08	0.0102266	
0.00792475	0.00437357	0.00190583	0.00175195	0.00119442	0.00195808	3.55504e-06	0.920041	0.000752785	0.0140502	0.00515217	0.00691217	0.00118829	0.000245689	0.00163276	0.00102083	0.00340062	0.0263807	8.02495e-05	3.03583e-05	
0.0314149	0.0209735	0.00899597	0.0643302	0.0550789	0.0283936	0.00239828	0.0284641	0.164048	0.0352387	0.0140544	0.0166088	0.00332092	0.103257	0.194368	0.0779965	0.0435381	0.0457057	4.41555e-06	0.0618098	
0.00941636	0.0127822	0.0261765	0.0882489	0.0671738	0.0194984	0.0209733	0.070879	0.0354229	0.193664	0.0259619	0.0222166	0.0106758	0.0319418	0.0566695	0.0712306	0.159726	0.055588	6.62951e-07	0.0217542	
0.0595303	0.0115009	0.0704367	0.0896189	0.0058668	0.021363	0.0496581	0.0171212	0.125367	0.0541028	0.0156564	0.0718286	0.00766178	0.0698365	0.105255	0.103526	0.0684464	0.0315294	0.00674198	0.0149521	
0.129448	0.0228349	0.0283992	0.0445196	0.0463473	0.0254522	0.0683721	0.0489343	0.0435477	0.104806	0.0354102	0.0300394	0.00121696	0.0524794	0.0386379	0.0761752	0.0515621	0.0528293	0.0415185	0.0574698	
0.00197598	0.971297	8.57466e-05	0.00307374	0.000111354	0.00174744	0.00043039	0.000266006	0.00147095	0.00485794	4.61512e-06	0.000149113	0.000188631	0.00061925	0.00036804	0.000943006	0.00256362	0.00839544	0.000617406	0.000834075	
0.0509906	0.00993733	0.0711842	0.0552147	0.000670288	0.0242347	0.00286127	0.0208012	0.0193605	0.000138918	0.000272225	0.00106448	0.560276	0.00845512	0.00302972	0.0662402	0.0565941	0.042612	5.51972e-05	0.00600749	
0.0260114	0.00148622	0.057239	0.0380715	0.0111016	0.132067	0.000510631	0.0701741	0.0160779	0.214953	0.0636805	0.0279764	0.0136551	0.0281497	0.00114201	0.0618474	0.0142557	0.189823	0.000463931	0.0313132	
0.0064461	0.00128346	0.0058317	0.00816375	0.0038143	0.00653028	0.000137554	0.00319981	0.00278448	0.00672425	0.00236163	0.00102373	0.92847	0.00090666	0.00388881	0.00383421	0.00448035	0.00406742	9.31127e-07	0.00605058	
0.00237722	0.000413951	7.82851e-07	0.00137241	0.00509701	9.74062e-08	0.00151757	0.0130364	0.0018351	0.950791	0.0045169	0.00142587	0.000924255	0.000408353	0.000667878	6.51006e-05	0.00374046	0.00748922	6.70462e-08	0.00432034	
0.0282789	0.00139036	0.00807725	0.000462144	0.0676049	0.0113989	0.00374079	0.281396	0.0210933	0.266521	0.0291086	0.000124216	0.0710125	0.00207219	0.0126448	0.00324623	0.0121719	0.147169	0.0205658	0.0119207	
0.119053	0.0141252	0.00319599	0.000162116	0.0502439	1.58259e-05	0.00646396	0.0695549	0.0176043	0.332313	0.0249946	0.00102102	0.0227477	0.00119956	0.0183774	0.0148918	0.0154528	0.0203186	0.255273	0.0129907	
0.0769051	0.00347876	0.0801715	0.118541	0.00654374	0.0303875	0.0170589	0.043903	0.0669702	0.0763001	0.036808	0.0384508	0.00589007	0.10415	0.0527747	0.0894175	0.071657	0.0622899	0.00484704	0.013455	
0.110711	0.105972	3.35075e-05	0.00287553	0.00696979	4.26009e-05	3.58132e-06	0.00772669	0.000667494	0.00853888	0.0108349	0.000328808	0.0163446	0.0107115	0.0242897	0.0920256	0.55162	0.0492076	0.00102495	7.09586e-05	
0.241059	0.000636349	0.000759409	0.00498536	0.00251221	0.0600533	0.000153824	0.0352765	0.00998412	0.083363	0.0195725	5.87109e-05	0.394489	0.00604239	0.00156531	0.0125427	0.0056448	0.119195	0.00175221	0.000355286	
0.063062	0.00383717	0.00334241	0.000427612	0.00671134	0.00258889	1.52808e-05	0.0544946	1.20092e-05	0.014885	0.00672997	0.124525	0.000306499	0.0661953	0.0446016	0.219786	0.355143	0.00559951	0.0270995	0.000637525	
0.0994533	0.00622124	0.0524794	0.134802	0.0278377	0.0286726	0.0258825	0.0146911	0.144815	0.0425522	0.0173179	0.0203083	0.00179106	0.119983	0.084877	0.0825088	0.0380966	0.0188373	0.0146728	0.0242004	
0.0233636	0.00100097	0.0856165	0.0980037	0.0102059	0.0429759	0.0368641	0.0198015	0.0938288	0.0195618	0.013148	0.0659047	0.00353247	0.0372352	0.0624042	0.105037	0.237112	0.0257899	0.010126	0.00848797	
0.051868	2.27612e-05	0.010299	1.39642e-05	0.242986	0.243571	0.000679598	0.0639098	0.0047304	0.0425501	0.00565397	0.00908521	0.0026045	0.0108285	0.0140885	0.0147325	0.0446879	0.0645763	0.0033475	0.169764	
0.102405	0.00417412	4.47842e-06	0.00402489	0.544217	0.0864867	1.10371e-07	0.00853284	0.00358491	0.151491	0.0189754	0.000475465	2.25434e-10	0.000156181	3.67431e-05	0.0237052	0.0307163	0.012196	0.00848064	0.000336307	
0.138878	6.29933e-05	0.0214378	0.0816587	0.0493977	0.277067	3.07916e-06	0.000878375	0.0203488	0.023793	0.0112288	0.0473762	0.063397	0.129972	0.0220187	0.0436403	0.0473411	0.0173459	0.00337701	0.00077733	
0.0118468	0.0136565	0.00808353	0.0036307	0.330203	0.00667789	0.014293	0.0696934	0.0077884	0.184615	0.206132	2.42879e-06	0.0293189	0.00462542	0.00278354	0.0049277	0.00350299	0.0538272	0.0394398	0.00495233	
0.0485444	0.00466466	0.133439	0.0735303	0.00607559	0.0608116	0.0102284	0.00755802	0.132598	0.0345608	5.44325e-05	0.0622605	0.030675	0.0814133	0.02815	0.191705	0.076675	0.00832848	0.000647646	0.00807994	
0.0102917	0.00315999	0.0157303	0.00672102	0.00550114	2.61108e-07	0.000137199	0.253563	0.00123785	0.00354909	0.000680835	5.23845e-05	4.5891e-07	0.00094553	0.00578922	0.00495195	0.0085116	0.669618	0.00809826	0.00145939	
0.0113707	0.00417373	0.00670423	0.00134347	0.01438	0.000597025	0.00200049	0.11763	0.00121579	0.738	0.0311883	9.95768e-07	0.00400007	0.00193445	0.00628942	0.00118351	0.00974303	0.0409428	0.00096443	0.00633711	
0.0569827	0.00470719	0.0788727	0.180278	0.0125952	0.0263827	0.021923	7.25691e-05	0.18811	0.0291418	0.00939628	0.0753563	5.79228e-05	0.0916337	0.0781522	0.0606447	0.0575898	0.0191676	1.42921e-05	0.0089218	
0.0614713	0.0116202	0.00996012	0.060683	0.0415441	0.00579154	0.0510934	0.0356425	0.0238821	0.0122383	0.0415492	2.6749e-05	2.88977e-06	0.0480196	0.0168265	0.160542	0.122881	0.274705	8.36105e-06	0.0215123	
0.0128479	0.00247609	0.00192402	0.165367	0.000607623	0.00495057	0.0036023	0.0388382	0.406892	0.0773976	0.00367295	0.0110733	0.000264187	0.0127989	0.0722318	0.00819734	0.07441	0.0805716	4.35081e-06	0.0218719	
0.00837345	0.0121617	0.000118956	0.00250921	0.0108074	0.000658674	9.87804e-05	0.318672	0.00596696	0.267143	0.0307112	0.010798	0.00123868	0.000890586	0.00811167	0.00654135	0.00877906	0.293145	0.00170702	0.0115682	
0.0205528	0.0136517	0.0028985	0.00046511	0.0158412	0.00655636	0.00158474	0.0909712	3.25249e-05	0.58643	0.0238085	0.000337822	5.67641e-08	8.49976e-06	0.00350438	0.00528667	0.0183644	0.209379	0.000303047	2.41457e-05	
0.00950965	4.39034e-05	0.65293	0.0455976	0.0290311	0.0111558	0.00161493	0.000537487	0.0511616	0.0255577	0.00540447	0.103871	0.000134166	0.00206589	0.00738656	0.00992364	0.0104364	0.0203103	8.66441e-05	0.0132406	
0.0863921	0.0154964	0.0331569	0.0589651	0.0314712	0.00676894	0.0068243	0.0951864	0.0766015	0.262514	0.0482503	0.0192221	0.00763612	0.0268959	0.0631849	0.0236827	0.0196167	0.100014	0.00439898	0.0137217	
0.0418279	0.00545933	0.00304901	0.0290978	2.65325e-05	0.00095524	0.00733513	0.0125558	2.48984e-07	0.145063	0.00141641	0.0438332	0.00549978	0.00089272	0.0318504	0.000810081	4.79524e-05	0.522861	0.00489624	0.142522	
0.0655185	0.00295643	0.17189	0.0715931	0.00224166	0.0010136	3.59005e-07	0.0085002	0.142604	0.0146169	0.00208408	0.0494701	0.200663	0.0366504	0.0480582	0.144921	0.0241814	0.0130201	2.41522e-06	1.48578e-05	
0.15296	0.000674306	0.0264902	0.0424725	0.025599	0.0403327	0.0299583	0.0219208	0.0824695	0.191511	0.072427	0.0485572	0.00371674	0.0679543	0.0750518	0.0641098	0.0301337	0.0196628	0.00106075	0.0029372	
0.0542962	0.00053569	0.104629	0.0138351	0.0611163	0.0347267	0.0143919	0.0514127	0.0265905	0.070394	0.00764995	0.0315498	0.0311976	0.0215205	0.0833058	0.205756	0.0426877	0.041725	7.56676e-05	0.102603	
0.162956	0.00476833	0.0663771	0.130331	0.0203702	0.0130857	0.00877945	0.023138	0.0906435	0.0853709	0.0119307	0.0636444	0.00267785	0.0879524	0.094072	0.0534691	0.0324704	0.0259169	0.00650837	0.0155383	
0.449945	0.0977286	0.0322236	0.00137965	0.00172959	0.0482482	0.00426044	0.0370194	0.00586332	0.0390248	0.00287921	0.00565629	0.014481	0.00215237	0.00255401	0.057762	0.0248464	0.170182	0.00179873	0.000265303	
0.00523724	0.00493535	5.61454e-05	8.95312e-06	0.188266	0.037368	7.41962e-05	0.0441949	8.89552e-06	0.421338	0.00115773	0.000559933	0.00998794	0.00708966	0.0237784	0.023794	0.0193394	0.069991	2.65081e-06	0.142812	
0.0620454	0.00843838	0.00855295	0.0111956	0.00616536	0.0309039	0.0276895	0.0500569	0.032234	0.0554368	0.0232918	0.0251001	0.00528345	0.336	0.0228128	0.0811615	0.105011	0.0597145	0.00469614	0.0442104	
0.076272	5.75288e-05	0.000194837	0.00835056	0.127143	0.0220157	0.367899	0.00514545	0.0425384	0.137273	1.31035e-06	0.0261309	0.000820404	0.021138	0.106168	0.0425031	0.000659284	7.50531e-05	0.00057701	0.0150368	
0.114513	0.0279784	0.000167698	3.41596e-06	0.086694	0.060229	1.5045e-07	0.0887612	0.0032261	0.239976	0.0304878	0.00216336	3.09301e-05	0.00394806	0.00292552	0.0689401	0.0954431	0.151367	1.13497e-05	0.0231338	
0.00381799	2.93237e-05	0.00206351	0.00223709	0.000166594	0.000110709	0.958028	0.00290482	0.0023366	0.00392435	0.000903099	0.00273864	0.00445983	0.00199952	0.0019443	0.00238491	0.00211788	0.0027183	0.00312064	0.00199369	
0.0493077	0.0304537	0.0882077	0.0283915	0.00983993	0.00283325	0.0248039	0.0326904	0.0747735	0.0591654	0.0526454	0.0695955	6.34055e-05	0.0274981	0.0120001	0.234245	0.121889	0.071764	5.17804e-06	0.00982755	
0.78357	0.0274265	0.0001538	0.00344547	0.00127397	0.103465	0.00245326	0.00254175	0.0001712	0.00300945	0.00216163	0.00155447	2.96126e-12	0.000915383	0.00550746	0.0261065	0.0117621	0.0219504	0.00147863	0.0010531	
0.0794955	0.146708	1.18945e-06	0.00607864	0.00351261	0.0137202	0.00649216	0.168358	1.18388e-05	0.0743705	0.00654102	0.000195183	0.00659603	0.000560908	0.000175276	0.0157276	0.0481883	0.421981	0.000425676	0.00086001	
0.00444969	0.00601942	0.00300808	5.71095e-05	0.00408764	0.000720571	0.00072644	0.0239941	0.000129139	0.00491102	0.000751214	0.000400006	0.000206718	0.000105077	0.00384917	0.00183003	0.00807421	0.936511	7.33133e-06	0.000161944	
0.0559712	3.94459e-06	0.0289634	0.0025007	0.0564738	0.000435494	0.0485712	0.0173043	0.019008	0.0186456	0.00820324	0.112189	0.356757	0.0798445	0.0403335	0.0627865	0.0297238	0.00904067	0.00143222	0.051812	
0.0490458	0.0129476	0.135112	0.0437598	0.00805527	0.314822	0.0199905	0.00625	0.114231	0.000286121	5.53344e-06	0.0965542	0.000561234	0.0495204	0.0592299	0.0703646	0.0107759	9.2761e-05	0.00726443	0.0011306	
0.041974	0.0088698	0.0256387	0.162547	0.0651966	0.00319392	0.0692706	0.0548624	0.0599143	0.0717986	0.00764229	0.0438714	0.00249883	0.0682945	0.0434449	0.00884111	0.0419783	0.123771	0.0215554	0.0748365	
0.0782737	0.0102953	0.0243559	0.0770486	0.00603252	0.0180299	0.0224446	0.0546424	0.101009	0.0857633	0.0109019	0.0176209	0.0708529	0.0630572	0.0917208	0.0793737	0.0664057	0.099358	0.00242476	0.0203886	
0.0890991	0.0258277	0.00143165	0.000400122	0.22197	0.0707531	8.20779e-05	0.0883358	0.000158421	0.296417	0.0447685	0.00508979	0.0188648	0.00117959	0.00236817	0.00579666	0.00271778	0.0997461	0.0190776	0.00591652	
0.0633306	0.000994462	0.0383007	0.000174955	0.203892	0.0530144	0.0154164	0.109234	0.0388534	0.185744	0.0147416	0.0118823	0.0432498	0.00592673	0.00045967	0.0148125	0.0157686	0.0938719	0.058505	0.0318274	
0.0727748	6.28576e-05	0.204159	0.196522	0.00137419	0.0225881	0.015519	0.00475739	0.124484	0.0155113	0.000813792	0.0483118	0.00122146	0.083034	0.0398686	0.133532	0.0317694	0.00340447	5.51592e-06	0.000287072	
0.227019	0.00202287	0.0651654	0.145434	0.00473453	0.0239961	0.004294	0.00442496	0.210395	0.021099	0.00706728	0.0349895	0.00167431	0.052878	0.0506074	0.102138	0.0186662	0.0140383	0.000618215	0.00873892	
0.0313706	0.00241574	0.0523743	0.0590368	0.0299513	0.00283729	0.041898	0.0420469	0.0720142	0.128052	0.0378638	0.0693846	7.91299e-11	0.0334748	0.131023	0.0348016	0.0771799	0.0551597	0.0188551	0.0802606	
0.0544578	0.0264337	0.00884816	0.033694	0.0407856	0.0205832	0.0211674	0.113728	0.00577201	0.185087	0.0313777	0.0134208	0.0824866	0.00838841	0.0421161	0.0371122	0.0479634	0.164794	0.0184315	0.0433526	
0.127428	0.0222136	0.000325852	0.000227914	0.0672693	0.00111006	6.47161e-05	0.0433978	0.0128557	0.403647	0.111908	0.00389771	0.000339645	0.00759707	0.00163952	0.0250335	0.0110628	0.118771	0.000179719	0.0410305	
0.114787	0.0120861	0.00897115	0.00147179	0.0169384	0.295085	0.00306801	0.0186821	0.00914421	0.120794	0.034638	0.000490039	0.000933915	0.00267897	0.00554168	0.0406383	0.0657337	0.11375	0.000344724	0.134224	
0.103112	4.90046e-06	1.12874e-05	0.00986769	0.537423	0.0340565	0.0568409	0.000384616	0.00621346	0.00810659	0.0197105	0.00121904	0.00673242	0.0384119	0.0287043	0.0517423	0.0918735	0.00109768	0.00200509	0.00248288	
0.0200095	0.0156735	0.00328544	0.564785	0.0488129	6.20841e-05	0.00381622	0.00648332	0.115826	0.019287	3.00533e-05	0.0179402	0.0649049	0.0162923	0.0565623	0.0185316	0.00824668	0.0186425	1.53905e-05	0.000793332	
0.0652259	0.00309888	0.191319	0.223839	0.0217204	0.0330386	0.00988907	0.0173363	0.0344307	0.021055	0.0138358	0.0594411	0.0496817	0.0295325	0.0319808	0.0811024	0.0491599	0.0285549	0.00968288	0.0260753	
0.0757528	0.0379583	0.0118257	0.000996828	0.075207	0.0154602	0.00394514	0.192573	1.62938e-08	0.323217	0.017652	0.000945758	7.75992e-06	0.00575743	0.002662	0.0180249	0.023093	0.178052	0.0061255	0.0107439	
0.187616	0.000319634	0.0348612	0.280452	0.011633	0.015257	0.0077864	0.0191976	0.165567	0.0313331	0.0218803	0.0229614	2.30037e-05	0.0879129	0.0391531	0.0154667	0.0292475	0.0251221	1.30066e-06	0.00420832	
0.0344704	4.176e-06	0.147675	0.160058	0.0348928	0.0186955	0.0100271	0.0428	0.0728637	0.0105288	0.00859429	0.0191722	0.00328273	0.0575842	0.00119869	0.0746388	0.211646	0.0775443	0.00127496	0.0130488	
0.2896	0.000776134	0.0193001	0.0129857	0.0297946	0.0669528	8.00555e-05	0.0265075	9.49892e-06	0.0275249	0.120036	0.0370294	0.0154206	0.0156997	0.0330381	0.102537	0.113199	0.0884397	0.00105534	1.399e-05	
0.00758157	0.00561753	0.0259264	0.00421118	0.137406	0.019169	0.0345546	0.00940728	0.0874089	0.301125	0.0355629	0.0757586	6.41276e-08	0.0387869	0.0666205	0.0100193	0.0165754	0.0145343	9.61272e-05	0.109639	
0.0422369	0.001683	0.00131301	0.000163602	0.293686	0.00459731	0.000163679	0.0386137	0.167745	0.0766279	0.0357649	0.0139381	5.30777e-05	0.00993743	0.027563	0.0253966	0.0769559	0.0514216	3.32937e-05	0.132106	
0.0738863	0.00404973	0.040837	0.15334	0.000360344	0.0151944	0.0167392	0.0210465	0.0838633	0.0235572	0.00443409	0.0180588	0.32603	0.0562447	0.0237448	0.0586026	0.0398069	0.0380824	1.81792e-09	0.00212166	
0.0764523	1.015e-05	0.0989723	0.0958136	0.0127362	0.0961698	0.0265132	0.00841384	0.0485376	0.0420544	0.0057564	0.00525243	0.00386553	0.137548	0.00316822	0.125408	0.103796	0.0911029	0.00688841	0.011541	
0.0898826	0.114705	0.00122374	0.00823043	0.163325	0.154041	0.000328322	0.0169723	0.00555405	0.226825	0.0784066	0.0135739	0.0133501	0.00972397	0.00202461	0.034446	0.0198545	0.0426955	0.000695692	0.00414223	
0.0192873	0.00513475	0.00605113	0.00380142	0.00316741	0.0149041	0.0315669	0.0184307	0.114667	0.0546079	0.00819193	0.0535497	0.00172177	0.0703114	0.425979	0.0428857	0.052386	0.0654771	0.00230679	0.00557263	
0.0548155	0.0151942	0.000343897	0.0229383	0.0710029	0.0132237	0.0544544	0.0759182	0.0735104	0.125799	0.0397499	0.00773312	0.00212856	0.0383883	0.0869632	0.0268754	0.0159728	0.0764519	0.0531604	0.145376	
0.0149549	0.0114866	0.37607	0.0387483	0.0108306	0.0164856	0.0206159	0.00018462	0.0397498	0.0208916	0.0066163	0.185296	0.00696844	0.0404078	0.0331386	0.134243	0.0244983	0.0104541	0.00775645	0.000603797	
0.0913496	0.00705525	3.73702e-05	0.0130703	0.00899979	0.00727841	0.0109241	0.000707564	0.0238314	0.0115481	0.0152837	0.0170291	0.543519	1.34717e-06	0.019332	0.218415	0.00481939	0.00419086	0.000743554	0.00186408	
0.0807441	0.00827837	0.00558019	0.0286873	0.0276502	0.0175348	0.0380463	0.0196406	0.21296	0.0395889	0.0270678	0.0374547	9.65415e-06	0.064226	0.191142	0.0805272	0.036146	0.0252395	0.0234334	0.0360428	
0.00112993	7.71728e-05	0.00528554	0.00239374	0.000898415	0.00212375	0.000713871	0.00348408	0.00505312	0.00159021	0.000704271	0.000668996	0.0031418	0.00123543	0.961973	0.00351591	0.00189429	0.00104566	3.86233e-08	0.00307061	
0.0903374	0.0176022	0.0177086	0.00736047	0.030322	0.020824	0.000537563	0.0974869	0.000304382	0.0950126	0.0502618	0.0821021	0.0268036	0.0812889	0.00622157	0.0624026	0.150073	0.130957	0.00499652	0.027397	
0.26267	0.25318	0.000906942	0.00271065	0.000853032	0.00944318	0.00116379	0.0277596	9.35346e-05	0.00727074	0.0209156	0.00445528	0.00259691	3.13083e-05	0.00646512	0.0377105	0.0938398	0.267527	7.49678e-09	0.000406548	
0.0580873	0.00895361	0.00750233	0.000819493	0.0329527	0.0353505	0.0154718	0.231302	0.00659226	0.12305	0.324736	0.00212647	0.00119786	0.00178689	0.000280706	0.0170813	0.0343473	0.033455	1.81032e-05	0.0648891	
0.202694	0.0486654	0.00196585	0.000150094	0.000174551	0.0633827	0.00925232	0.138698	0.000849348	0.114698	0.0369648	0.00962482	0.0132014	0.0185731	0.00016333	0.124444	0.0398951	0.155464	0.0210025	0.000137207	
0.105613	0.00501917	0.0835596	0.0966146	0.0129189	0.084675	0.0179774	0.0229581	0.0871612	0.0481908	0.0194578	0.0452534	0.0311682	0.0537099	0.0303474	0.111527	0.0796578	0.0495671	5.57229e-05	0.0145678	
0.193868	0.00167647	0.0453218	0.082228	2.29366e-05	0.0981484	0.00795545	0.00126232	0.140961	0.0125875	0.0152098	0.0923009	2.34736e-05	0.0446248	0.120563	0.112008	0.00860299	0.00374265	0.00482972	0.0140626	
0.0213774	0.00336522	0.205216	0.0526238	0.0379411	0.0063495	0.0209121	0.0216459	0.0157104	0.134813	0.0266504	0.0240458	0.0283074	0.0389711	0.0430331	0.0607877	0.144808	0.0538969	0.0102364	0.0493099	
0.34646	0.0238602	0.0113736	0.0205786	0.03398	0.0334422	0.0807467	0.012195	0.0237256	0.0166392	0.00282541	0.00142041	0.117564	0.0113825	0.000630702	0.142253	0.0341795	0.0256028	0.0456342	0.0155056	
0.0258278	9.10213e-07	0.0126397	0.0835514	0.0249157	0.0230337	0.0232526	0.0151302	0.386219	0.0835477	0.0255273	0.0431163	0.00472443	0.0803432	0.110972	0.0321228	0.0127591	0.0115787	0.000639502	9.77911e-05	
0.00622159	7.65777e-05	0.0500971	0.0847236	0.00836367	0.0199438	0.0356626	0.017634	0.0257295	0.0199759	0.0050375	0.037041	0.170683	0.00446722	0.000907832	0.397152	0.0915396	0.00757124	0.00894853	0.00822382	
0.0263314	0.0436377	0.0194001	0.00168233	0.285313	0.306309	0.00506695	0.000954558	0.00940078	0.0485886	0.00601006	0.0155598	0.0618211	0.00300029	0.0345023	0.0871194	0.00146934	0.0148766	0.00308201	0.0258743	
0.0375991	0.0199271	0.00160533	0.00213177	0.0711598	0.00977915	0.0125414	0.170777	0.00172342	0.181077	0.021874	0.00780868	0.000351255	0.00473389	2.76067e-07	0.0109862	0.0219284	0.295777	0.0906216	0.0375979	
0.0585094	0.0292116	0.00884242	0.000364841	0.0178659	0.000252957	0.143166	0.0161598	0.0581341	0.258089	0.100532	0.00189965	5.00608e-06	0.0977503	0.0703572	0.0397086	0.0557219	0.029772	5.46023e-05	0.0136026	
0.197835	0.0103086	0.0853486	0.0181833	0.00374966	0.0627067	0.0456448	0.0251247	0.0295739	0.00133906	1.0799e-06	0.0286121	0.00803074	0.0506033	0.0269488	0.345347	0.0263237	0.00375951	0.0195686	0.0109913	
0.0262547	0.00327895	0.00709062	0.004545	0.0480209	0.776658	1.32114e-07	0.00112464	0.0113555	0.00223336	0.00732913	0.0183009	0.0109481	0.00153278	0.012452	0.0327446	0.0132318	0.00273592	0.00395719	0.0162054	
0.0149104	0.000577568	0.0884707	0.0472647	0.0107259	0.485129	0.0274239	0.000996699	0.0419441	0.00082982	0.000908414	0.198475	0.00236207	0.0142926	0.0181679	0.023165	0.0055577	0.00447205	0.00599379	0.00833289	
0.0577993	0.146464	0.00332884	0.0053286	0.0204687	0.00581619	0.0605729	0.00572951	0.314647	0.0649717	0.0251691	0.0451964	0.000945919	0.0437675	0.136907	0.0108926	0.0219721	0.00278793	0.00625916	0.0209757	
0.0452993	0.016319	1.9684e-06	0.0133613	0.467773	0.014068	0.0100011	0.0831812	4.60397e-05	0.0345838	0.0219217	0.00162223	0.000162278	0.00763327	0.000253542	0.0691057	0.0676649	0.139607	1.26602e-05	0.00738155	
0.176753	0.0211354	0.00584361	0.0418256	0.00196581	0.0395629	0.17413	0.00768234	0.0960327	0.00173372	3.46758e-05	0.0237325	4.04451e-05	0.00267962	0.101901	0.0838885	0.0339548	0.0813187	5.41184e-05	0.105731	
0.0470902	0.00790808	0.02913	0.00617135	0.0640271	0.0468627	0.0458825	1.50703e-05	0.0517815	0.00856783	0.00129487	0.514996	0.0224536	0.0210955	0.0602846	0.0416738	0.00241842	0.000215809	0.00214491	0.0259863	
0.104444	0.0656096	0.000301352	0.0336635	0.0647166	0.0785263	0.0678228	0.0240288	0.0171904	0.0387131	0.00778234	0.213064	0.000191315	0.00179602	0.00433243	0.0659125	0.0664347	0.0758107	1.25587e-05	0.0696469	
0.000821016	0.00533669	0.00834194	0.0183238	0.131692	0.0212623	2.9668e-06	0.121008	0.00113576	0.544	0.0581492	0.000293512	7.66412e-05	0.000656231	0.0113383	0.00106942	0.0138072	0.0392765	0.0125606	0.0108479	
0.0654595	0.000454465	1.79214e-05	0.11735	0.192149	0.0321858	0.133044	0.077764	0.00199294	0.0314356	0.00423209	6.20366e-10	8.6825e-05	0.000412139	3.59221e-05	0.102322	0.00151295	0.00185143	0.00758672	0.230107	
0.173922	1.32103e-06	0.00232757	0.0153408	0.00152711	0.0155087	0.00027048	0.0255915	0.0489288	0.107548	0.0142156	0.0310849	5.62119e-06	0.027628	0.0564171	0.065581	0.300476	0.0620145	0.0103204	0.0412895	
0.121399	4.81261e-05	0.00591074	0.0261256	0.0202255	0.0169989	0.0131588	0.00283603	0.0161262	0.337358	0.157357	0.00464243	6.0774e-14	0.0524618	0.000128123	0.0153652	0.130161	0.0661176	0.000162842	0.0134178	
0.0507716	0.000892443	0.0205593	0.123735	0.0037943	0.00521557	0.0157466	0.0682937	0.193599	0.0345104	1.95989e-07	0.0283876	0.000838911	0.120015	0.130077	0.046482	0.0641653	0.092717	2.33659e-05	0.000175482	
0.0128922	0.0147121	0.0102416	1.13605e-05	0.0409332	0.00419608	4.09982e-07	0.0175285	0.00322343	0.791938	0.0501565	0.00101759	0.00229303	0.00608655	0.0112468	0.00288718	0.00974395	0.0114992	0.00263789	0.00675474	
0.00399976	0.000498466	0.000994106	0.00106225	0.000297653	0.0043771	0.00108584	0.000689471	0.933485	0.00294297	0.000762228	0.000780837	2.45138e-05	0.00203941	0.0140434	0.00383798	0.000115385	0.00575905	0.00172719	0.0214774	
0.00717697	0.000895704	0.000383009	0.00153303	0.82863	0.080887	0.000763852	0.00775195	0.00233273	0.0134881	0.00971663	0.00343316	1.6441e-08	0.00390259	0.00587673	0.00197463	0.00383931	0.00776786	0.0125027	0.00714434	
0.0246941	0.00351965	0.00980187	0.0883736	0.0195415	0.00426144	0.000102369	0.113712	0.111868	0.195776	0.0501686	0.00711038	0.00385904	0.0393006	0.206856	0.0235507	0.0222702	0.035635	7.50903e-07	0.0395981	
0.0202252	0.0230493	0.0201245	0.0869193	0.134227	0.0429717	0.110211	0.000480747	2.10903e-05	0.103786	0.00735261	0.135746	0.0178578	0.0027536	0.0437173	0.0713054	0.00680605	0.16369	6.42746e-08	0.00875634	
0.0665277	0.00135432	0.000287207	8.1354e-07	0.139752	0.0140343	0.0622689	0.0290742	0.0241087	0.327572	0.0107527	0.0175783	0.00930793	0.015343	0.0188891	0.0476826	0.0400255	0.124278	0.0340694	0.0170938	
0.00999605	0.00598	0.00210477	7.07859e-05	0.00826983	0.0045731	2.03927e-08	0.00401515	0.000377928	0.0141318	0.93068	0.000486563	5.59556e-07	0.00147984	0.00433525	0.00266707	0.00061811	0.00371083	0.000493019	0.00600958	
0.0134096	0.0304075	0.00139623	0.00426962	0.11072	0.163965	0.00364282	0.00920031	0.0250448	0.0623884	0.0320219	0.0234945	2.6489e-05	0.0415622	0.0177836	0.158114	0.232474	0.0504825	0.00156583	0.018031	
0.0174305	0.00243564	8.48048e-05	0.0103527	0.00376097	0.527705	0.0472952	0.00035917	0.148792	0.00823897	0.00811203	0.0825596	2.91893e-05	0.0142757	0.0785579	0.0164668	0.00335377	0.0185462	1.22023e-08	0.0116437	
0.0254686	0.00134987	0.0181325	4.9881e-05	0.00494251	0.011739	0.0423252	0.0108797	0.0541432	0.0561236	0.0155799	0.0499546	0.0344927	0.0342734	0.427408	0.10736	0.000257379	0.0197232	0.0437844	0.0420124	
0.0437523	0.00141939	0.233992	0.383153	0.109963	0.0207668	0.000261254	0.0361641	0.00182048	0.0273193	0.00420301	0.00670635	0.042288	0.00902389	0.017934	9.96166e-05	0.00325666	0.0159885	0.0225015	0.0193861	
0.00973819	0.0228833	0.111804	0.000140214	0.431323	0.0037984	0.011856	0.151765	0.0240045	0.0205547	0.0461253	0.0110189	0.0100144	0.0196542	0.0389613	0.00626824	0.00657022	0.0469623	0.00100195	0.0255555	
0.106594	0.0295167	8.04857e-06	0.000383256	0.0564431	0.031582	1.86136e-06	0.065548	0.00420707	0.530179	0.0256407	0.00838147	0.00802507	0.00100279	0.00741831	0.0101329	0.0267762	0.0633182	0.0156156	0.00922575	
0.00440028	0.0218016	0.000123827	0.125825	0.0295602	0.00180171	7.37563e-05	0.0137802	0.0721819	0.0900019	0.0444787	1.16199e-05	0.00340297	0.159878	0.000332766	0.00771617	0.0952921	0.321418	0.000227682	0.00769196	
0.0275722	0.000417444	0.019015	0.0491739	0.0336075	0.000835866	0.0459066	0.0650337	0.0408629	0.394587	0.0498872	0.00106955	7.86924e-05	0.0312571	0.081237	0.00906223	0.0135433	0.0785035	0.01279	0.0455594	
0.104052	0.00187183	0.14938	0.339746	1.31686e-09	0.037558	0.0136152	0.00884829	0.061482	0.00440974	0.00433952	0.0238759	0.0155251	0.0511662	0.032959	0.093984	0.040576	0.0159117	0.000543035	0.000156287	
0.430558	0.00256867	0.00408524	0.00688981	0.0253965	0.207416	0.00513711	0.00110837	0.000111804	0.0185545	0.000326519	0.000508176	0.0240918	0.00949617	0.00476483	0.0886244	0.0198785	9.19668e-05	0.120841	0.0295506	
0.00617509	0.0840599	5.1047e-06	0.0258617	0.187051	0.0217488	0.0155221	0.0145952	0.086929	0.0376477	0.100852	0.00530496	0.00117704	0.000626588	0.0145631	0.247863	0.0750912	0.000429642	0.0345059	0.0399907	
0.077324	0.0449456	0.000844505	0.00236562	0.0460936	0.0702033	0.00184275	0.0991726	0.00454895	0.376477	0.0881968	0.00019701	4.39737e-09	0.00207916	0.00755231	0.055301	0.0605802	0.0513597	8.74923e-05	0.0108285	
0.194056	0.000670344	0.0266242	0.0592933	0.00159437	0.0576088	0.00704086	0.0192576	0.00140691	0.0435152	0.00904706	0.03081	0.0977472	0.0716181	0.0151182	0.132806	0.144374	0.0871368	0.000274605	3.36879e-07	
0.0312778	0.000122019	0.0700842	0.0858312	0.031995	0.000344282	0.00132822	0.0234041	0.0126839	0.402106	0.253672	0.0282663	3.02496e-05	0.0161665	0.0083682	0.0197092	0.00564352	0.00491778	0.00388031	0.000170129	
0.0196469	0.0299055	0.0199275	0.0425332	0.000856929	0.000194575	0.0290298	0.0226438	0.245921	0.0337474	0.013277	0.0330155	0.000305959	0.0725621	0.0752849	0.0461018	0.227761	0.0764772	1.7278e-05	0.010791	
0.0924224	0.0060182	0.022756	0.366766	1.02137e-11	0.00021251	0.0106737	0.0708246	0.126558	0.0595277	0.00945077	5.46431e-06	6.30557e-07	0.0596681	0.0703132	0.0064923	0.0424679	0.0519248	0.00379625	0.000121384	
0.0365014	0.0106598	0.00104318	0.0003708	0.033701	0.0108144	0.00187788	0.0146753	0.330496	0.0423051	0.0126469	0.0107937	0.0101999	0.0225989	0.362094	0.0155184	0.0305536	0.00534602	0.000450493	0.047353	
0.0340882	0.0032078	0.0209073	0.145519	0.00592705	0.0193481	0.00203207	0.189407	0.0437811	0.12048	0.0192463	0.00631516	0.0449617	0.0227466	0.0419097	0.0479395	0.0128739	0.208071	0.00519121	0.00604766	
0.0385427	6.54835e-06	0.0649041	0.640591	0.0252133	0.00657864	0.0154142	0.000610576	0.00527622	0.0317604	0.0215139	0.0160236	0.0152031	0.0350557	0.00656007	0.0120855	0.00854478	0.00359082	0.00091743	0.0516071	
