CATGTRSBDP
1	5000	1020
1
1.8
0	0
0	0
WhelanD20_AA_mod_transform-00_states-06.phy
4
0
Universal

0
0
0
None
0
10	0
0
((((Spizellomyces_punctatus:0.200062196924952,(Allomyces_macrogynus:0.41726795643819,(Rhizopus_oryzae:0.211993954669582,Mortierella_verticillata:0.162344759602211):0.0436324060845517):0.0278544437367827):0.214506668382042,(Sphaeroforma_arctica:0.282689159541783,Amoebidium_parasiticum:0.145317441112615):0.117301567980418):0.0192998214935182,((Monosiga_ovata:0.35597052315858,Salpingoeca_rosetta:0.422835124701971):0.192939863285885,((((Sycon_ciliatum:0.0285259799043893,Sycon_coactum:0.0523125425335687):0.222547428856188,(Corticium_candelabrum:0.135491658701387,Oscarella_carmela:0.116191304653729):0.0689523012832093):0.0174301638014885,(((Chondrilla_nucula:0.185943474558619,Ircinia_fasciculata:0.131683815986267):0.0195460212016673,(((((Latrunculia_apicalis:0.0418365448390002,(Kirkpatrickia_variolosa:0.0297494518805811,Crella_elegans:0.0393134772325236):0.0171735183690804):0.0467983159361302,Tethya_wilhelma:0.0677667812689508):0.0118145289955122,Pseudospongosorites_suberitoides:0.0782430245885358):0.0285440084294644,(Ephydatia_muelleri:0.0215039602089517,Spongilla_alba:0.0406831416243152):0.0970755237966546):0.0156890817709615,(Amphimedon_queenslandica:0.128756066455537,Petrosia_ficiformis:0.0696275488381882):0.0601614789542749):0.0302076521282515):0.032742577134912,(Hyalonema_populiferum:0.227402287169771,(Aphrocallistes_vastus:0.0618244107869637,(Rossella_fibulata:0.0294832746578212,Sympagella_nux:0.0294335516675711):0.0387099956256864):0.0838223505479067):0.25602315178782):0.0391482627902653):0.00748843564191472,((Euplokamis_dunlapae:0.0872708011947331,((Vallicula_sp:0.0492778447944458,Coeloplana_astericola:0.0582148524274812):0.0429967832225882,(((Beroe_abyssicola:0.0496786837623038,(Mnemiopsis_leidyi:0.0379249291102875,(Bolinopsis_infundibulum:0.018588559647349,Mertensiidae_sp:0.0134773515201193):0.029855053633095):0.0092795499597979):0.00622454306372244,Dryodora_glandiformis:0.061173130485636):0.012810229072519,(Pleurobrachia_atlantica:0.00332798728882678,Pleurobrachia_bachei:0.0582533224188782):0.0843074346823751):0.016420482409586):0.0455933355820718):0.362378155757122,((((Eunicella_verrucosa:0.123414615681965,((Platygyra_carnosa:0.265168710538288,Acropora_digitifera:0.027585896643686):0.0507891399878675,(Nematostella_vectensis:0.0608671422673933,((Aiptasia_pallida:0.0458213824447831,Hormathia_digitata:0.0236290460488617):0.00574156158102,Bolocera_tuediae:0.0480044476568245):0.0233483323661006):0.0294047571913892):0.0287157921628263):0.0170971276684049,((Periphylla_periphylla:0.0721982973161504,Aurelia_aurita:0.0859973831719255):0.0226866976724742,((Physalia_physalis:0.0498713033416857,((Craseoa_lathetica:0.028005296263086,Abylopsis_tetragona:0.0553874759793171):0.0154195072301375,(Nanomia_bijuga:0.0389971325585308,Agalma_elegans:0.0229131336829259):0.0182318692781219):0.0179999418530447):0.035124141557358,(Hydra_viridissima:0.0219092217738134,(Hydra_oligactis:0.01409518682859,Hydra_vulgaris:0.00882064970066738):0.0148763232957418):0.065453261928217):0.0742251278756127):0.0549838529642217):0.0238888824150994,(((Petromyzon_marinus:0.100470355677718,(Danio_rerio:0.053788734059662,Homo_sapiens:0.0581322624503324):0.0255395090958371):0.0670412895359537,(((Capitella_teleta:0.121239598461843,Lottia_gigantea:0.11811478751555):0.00903706079232047,(Hemithiris_psittacea:0.113408674005852,Tubulanus_polymorphus:0.112860141256812):0.0084198102203803):0.0228314227483652,(Priapulus_caudatus:0.134937019810308,(Lithobius_forficatus:0.0982230848082023,(Daphnia_pulex:0.136936893014625,Drosophila_melanogaster:0.209352674283587):0.0341872739094434):0.025281273766299):0.0117253595843341):0.0141346642426452):0.00341207799552388,(Strongylocentrotus_purpuratus:0.136377135613784,Saccoglossus_kowalevskii:0.0935463333414352):0.0257122583819075):0.0312918106253643):0.00896359375444771,Trichoplax_adhaerens:0.246171093295211):0.00806961371219366):0.00250550048915655):0.109906200375815):0.0546240115620658):0.0414558455976528,Ministeria_vibrans:0.393285353739946,Capsaspora_owczarzaki:0.277188484218283);
((((Spizellomyces_punctatus:0.200062196924952,(Allomyces_macrogynus:0.41726795643819,(Rhizopus_oryzae:0.211993954669582,Mortierella_verticillata:0.162344759602211):0.0436324060845517):0.0278544437367827):0.214506668382042,(Sphaeroforma_arctica:0.282689159541783,Amoebidium_parasiticum:0.145317441112615):0.117301567980418):0.0192998214935182,((Monosiga_ovata:0.35597052315858,Salpingoeca_rosetta:0.422835124701971):0.192939863285885,((((Sycon_ciliatum:0.0285259799043893,Sycon_coactum:0.0523125425335687):0.222547428856188,(Corticium_candelabrum:0.135491658701387,Oscarella_carmela:0.116191304653729):0.0689523012832093):0.0174301638014885,(((Chondrilla_nucula:0.185943474558619,Ircinia_fasciculata:0.131683815986267):0.0195460212016673,(((((Latrunculia_apicalis:0.0418365448390002,(Kirkpatrickia_variolosa:0.0297494518805811,Crella_elegans:0.0393134772325236):0.0171735183690804):0.0467983159361302,Tethya_wilhelma:0.0677667812689508):0.0118145289955122,Pseudospongosorites_suberitoides:0.0782430245885358):0.0285440084294644,(Ephydatia_muelleri:0.0215039602089517,Spongilla_alba:0.0406831416243152):0.0970755237966546):0.0156890817709615,(Amphimedon_queenslandica:0.128756066455537,Petrosia_ficiformis:0.0696275488381882):0.0601614789542749):0.0302076521282515):0.032742577134912,(Hyalonema_populiferum:0.227402287169771,(Aphrocallistes_vastus:0.0618244107869637,(Rossella_fibulata:0.0294832746578212,Sympagella_nux:0.0294335516675711):0.0387099956256864):0.0838223505479067):0.25602315178782):0.0391482627902653):0.00748843564191472,((Euplokamis_dunlapae:0.0872708011947331,((Vallicula_sp:0.0492778447944458,Coeloplana_astericola:0.0582148524274812):0.0429967832225882,(((Beroe_abyssicola:0.0496786837623038,(Mnemiopsis_leidyi:0.0379249291102875,(Bolinopsis_infundibulum:0.018588559647349,Mertensiidae_sp:0.0134773515201193):0.029855053633095):0.0092795499597979):0.00622454306372244,Dryodora_glandiformis:0.061173130485636):0.012810229072519,(Pleurobrachia_atlantica:0.00332798728882678,Pleurobrachia_bachei:0.0582533224188782):0.0843074346823751):0.016420482409586):0.0455933355820718):0.362378155757122,((((Eunicella_verrucosa:0.123414615681965,((Platygyra_carnosa:0.265168710538288,Acropora_digitifera:0.027585896643686):0.0507891399878675,(Nematostella_vectensis:0.0608671422673933,((Aiptasia_pallida:0.0458213824447831,Hormathia_digitata:0.0236290460488617):0.00574156158102,Bolocera_tuediae:0.0480044476568245):0.0233483323661006):0.0294047571913892):0.0287157921628263):0.0170971276684049,((Periphylla_periphylla:0.0721982973161504,Aurelia_aurita:0.0859973831719255):0.0226866976724742,((Physalia_physalis:0.0498713033416857,((Craseoa_lathetica:0.028005296263086,Abylopsis_tetragona:0.0553874759793171):0.0154195072301375,(Nanomia_bijuga:0.0389971325585308,Agalma_elegans:0.0229131336829259):0.0182318692781219):0.0179999418530447):0.035124141557358,(Hydra_viridissima:0.0219092217738134,(Hydra_oligactis:0.01409518682859,Hydra_vulgaris:0.00882064970066738):0.0148763232957418):0.065453261928217):0.0742251278756127):0.0549838529642217):0.0238888824150994,(((Petromyzon_marinus:0.100470355677718,(Danio_rerio:0.053788734059662,Homo_sapiens:0.0581322624503324):0.0255395090958371):0.0670412895359537,(((Capitella_teleta:0.121239598461843,Lottia_gigantea:0.11811478751555):0.00903706079232047,(Hemithiris_psittacea:0.113408674005852,Tubulanus_polymorphus:0.112860141256812):0.0084198102203803):0.0228314227483652,(Priapulus_caudatus:0.134937019810308,(Lithobius_forficatus:0.0982230848082023,(Daphnia_pulex:0.136936893014625,Drosophila_melanogaster:0.209352674283587):0.0341872739094434):0.025281273766299):0.0117253595843341):0.0141346642426452):0.00341207799552388,(Strongylocentrotus_purpuratus:0.136377135613784,Saccoglossus_kowalevskii:0.0935463333414352):0.0257122583819075):0.0312918106253643):0.00896359375444771,Trichoplax_adhaerens:0.246171093295211):0.00806961371219366):0.00250550048915655):0.109906200375815):0.0546240115620658):0.0414558455976528,Ministeria_vibrans:0.393285353739946,Capsaspora_owczarzaki:0.277188484218283);
1
11.3218
1.3686
5000
26.8688
0.496091	0.0296223	0.0311089	0.030444	0.030245	0.0261083	0.0236941	0.859427	0.0355085	0.0279956	0.628902	0.0314168	0.0301802	0.0225343	0.0307886	0.919223	0.648069	0.0317157	0.733313	0.0229518	

0.735785	0.707976	0.200861	1.0784	0.246777	0.760485	2.85826	0.123337	0.0485028	2.0089	0.578355	0.225835	1.56867	0.0593595	8.81398	4.43373	2.03711	3.59823	1.81758	0.103595	0.212639	1.02234	0.0777773	0.64899	0.428529	0.0987121	0.868932	0.355978	0.781607	0.0554443	0.25383	0.781316	0.320537	0.849066	3.0105	0.764632	1.25889	0.482557	0.0343381	0.807155	0.265077	0.291005	0.617145	0.764019	0.247438	0.441045	2.28706	1.00495	3.90605	2.2936	0.281303	3.63002	0.313891	3.33741	2.95699	2.59073	0.507501	0.532944	0.530998	2.63038	0.664531	0.902897	3.42006	1.06286	0.423798	0.291076	2.15189	0.0712075	0.2217	0.88125	0.0365502	2.22811	0.248468	0.0194999	0.492697	0.482245	0.56222	2.28444	0.899527	2.43621	0.205372	0.394782	0.699325	0.507574	0.845585	0.55033	0.375531	0.243655	2.04905	0.31365	0.0263086	0.813917	0.817573	0.238426	0.0432013	3.43026	0.498815	1.95068	0.299209	0.443796	0.445332	0.002543	1.10875	0.58246	0.273548	0.719907	4.70014	1.13489	0.127714	0.0334144	0.443703	0.497109	0.0613451	0.186039	5.44542	0.187595	1.15574	0.776443	0.0162752	7.17984	3.04182	1.71844	4.55712	0.0102806	0.596968	0.0577388	0.0647283	0.300947	0.419924	3.08446	0.0774674	0.00852	1.33585	0.197243	0.276755	1.4758	0.869408	0.236811	0.332765	0.14771	0.015689	0.114376	2.71894	0.0979829	1.72044	0.00144539	0.0435337	0.0248481	0.0788174	2.48863	4.75287	0.308541	3.52253	0.325194	1.17432	0.522251	0.169554	0.0547942	0.452757	0.014905	0.271537	3.66099	0.850543	0.602947	1.02019	1.56951	0.507062	0.566387	0.235059	0.362474	0.289074	0.565788	0.251835	0.0627933	0.253795	0.360783	0.0622771	0.747834	0.289585	0.194282	7.33609	0.117887	5.1355	0.438211	0.64141	2.69811	0.225021	0.981808	0.300352	0.0570167	

0.0573529	6.29461e-14	3.12588e-07	1.2932e-18	9.64825e-22	0.000349663	1.66726e-11	0.249848	3.99924e-14	2.41352e-10	0.649208	9.88238e-09	2.32115e-05	5.46077e-31	2.68882e-07	0.0183853	0.00113045	7.64221e-21	0.0237022	5.5937e-10	
0.132874	1.77793e-06	5.82063e-28	1.34102e-08	3.77356e-14	1.37583e-05	3.96371e-10	0.146029	4.46662e-15	1.3519e-13	0.269941	6.82655e-18	4.91032e-11	0.000121892	6.3674e-23	0.131724	0.160509	1.03522e-06	0.158785	8.6787e-11	
0.088151	6.48163e-18	5.35678e-14	1.71264e-11	0.0016626	6.20977e-11	2.63172e-20	0.323674	1.75922e-14	1.52925e-15	0.147398	1.23942e-50	5.94909e-05	1.79383e-32	3.62703e-11	0.288518	0.0421303	3.82358e-12	0.108403	3.14973e-06	
0.157397	7.97673e-20	1.32586e-13	8.29777e-07	0.000460311	5.45535e-18	6.15744e-13	0.295576	7.01631e-14	1.88922e-26	0.0329112	2.38348e-09	3.47024e-10	2.48119e-42	8.93787e-54	0.149213	0.0743016	1.95538e-15	0.29014	9.22923e-26	
0.00934844	6.16018e-10	0.00023502	2.23419e-16	9.49574e-10	6.15554e-05	3.63968e-10	0.17742	1.52155e-08	1.09609e-15	0.0299548	5.95769e-06	8.3127e-14	8.66634e-08	3.00209e-16	0.0617569	0.0142872	5.78153e-11	0.70693	8.47931e-08	
0.00914062	1.06778e-27	1.37661e-16	7.82452e-07	4.02202e-17	2.4145e-07	1.41926e-11	0.968372	1.28894e-25	3.16377e-14	0.00598454	3.62188e-11	6.2844e-10	2.06994e-17	4.96325e-16	0.00488334	0.00718063	1.74781e-26	0.00443783	8.49659e-22	
0.0123038	1.08494e-25	1.01465e-11	2.4417e-15	1.3474e-16	2.60459e-11	5.55847e-11	0.00839264	1.67087e-06	5.82068e-05	0.00713882	2.90062e-16	2.15337e-11	8.92456e-05	8.61061e-21	0.00860911	0.00591273	2.25672e-05	0.957471	2.79525e-18	
0.0512426	9.64003e-07	2.7522e-10	2.36914e-30	5.90617e-19	1.34143e-24	2.69135e-25	0.556228	3.1223e-44	5.60561e-21	0.0929372	2.52851e-18	6.46201e-09	8.11195e-18	1.27832e-42	0.118024	0.0764694	1.24513e-68	0.105097	4.00201e-12	
0.00308413	3.56413e-20	1.13712e-08	4.25588e-10	4.64151e-29	2.70322e-13	1.79539e-30	0.00634693	5.70603e-15	3.2833e-06	0.00992989	4.36429e-17	1.86995e-09	2.28443e-13	8.19505e-16	0.00795419	0.967804	1.07456e-11	0.00487738	2.32223e-09	
0.00785768	1.59765e-48	8.15397e-10	1.03493e-09	7.40155e-46	6.7393e-18	4.44306e-19	0.538129	1.30935e-16	1.88502e-26	0.0773145	4.20552e-06	6.83182e-05	1.56215e-05	1.26565e-17	0.1005	0.0310802	0.000198178	0.244832	1.00454e-25	
0.0710949	5.09554e-17	3.2463e-13	6.18262e-08	6.47737e-10	5.66943e-11	2.09411e-19	0.214893	9.76904e-11	2.21096e-08	0.28505	1.00628e-14	4.17946e-13	5.13769e-10	2.15257e-19	0.242624	0.0620275	3.41439e-12	0.123054	0.00125627	
0.220447	2.78715e-06	2.32579e-08	1.37444e-15	5.61681e-26	2.94463e-25	4.73849e-08	0.267373	1.00854e-06	6.01205e-15	0.20923	1.17093e-10	1.7495e-20	9.46312e-09	6.22688e-07	0.102184	0.118661	1.4093e-13	0.0821007	7.38681e-12	
0.00914464	1.45994e-10	2.20811e-15	1.26666e-11	2.63702e-27	1.48195e-43	2.01898e-13	0.121657	3.62459e-07	0.00222578	0.0601838	3.84632e-09	0.000434336	2.92979e-16	0.631142	0.109848	0.0158569	3.93145e-40	0.0495074	4.80881e-18	
0.931138	1.2135e-29	2.79281e-34	1.43202e-12	8.30638e-10	0.00022158	3.0022e-23	0.00739589	7.79484e-11	4.1514e-16	0.0029983	6.44044e-10	2.10361e-19	2.74948e-18	2.18274e-17	0.042565	0.0156392	5.02935e-12	4.18297e-05	1.11496e-11	
0.0369489	8.1405e-36	2.25328e-19	2.70809e-20	8.60043e-09	2.42625e-09	1.11874e-09	0.0261781	3.47359e-07	2.82525e-13	0.088039	2.20096e-35	9.40966e-08	5.69103e-06	1.36692e-49	0.0146468	0.0218322	2.29926e-22	0.812349	5.17626e-10	
0.276092	2.5865e-09	5.49536e-36	1.35397e-05	1.49421e-11	7.25024e-06	3.47227e-13	0.228072	5.97991e-10	4.91948e-07	3.87935e-05	1.36839e-10	1.00332e-20	1.46659e-05	4.31547e-05	0.303546	0.159326	0.000123902	0.0327222	1.10851e-19	
0.132064	4.46353e-09	2.50533e-14	2.43561e-10	3.16676e-07	1.27152e-05	3.69218e-22	0.153983	7.83169e-09	4.41945e-15	0.106361	1.87606e-09	5.84528e-12	3.81988e-15	5.27137e-13	0.230447	0.171938	4.72014e-23	0.205194	7.00281e-13	
0.0252668	1.86955e-09	2.06344e-15	3.09566e-13	9.17017e-07	6.91905e-46	2.24331e-42	0.240161	2.43451e-16	2.49209e-10	0.0608521	4.41598e-10	1.82133e-45	1.44752e-05	1.85455e-37	0.233486	0.189339	0.000225572	0.250654	2.32879e-38	
0.220139	5.41031e-11	5.57151e-10	2.46353e-13	7.3503e-29	4.43615e-09	1.30471e-18	0.0831992	6.23262e-06	5.48833e-13	0.109431	1.09599e-17	2.00268e-08	1.93244e-14	2.43358e-31	0.153137	0.0784462	3.32695e-21	0.355642	1.06015e-09	
0.0463403	6.64092e-30	6.84417e-08	2.6373e-18	1.06218e-07	8.38336e-13	7.52635e-06	0.11586	1.22799e-11	5.94494e-09	0.224034	3.7784e-13	3.55644e-08	1.27211e-07	1.04006e-06	0.194576	0.286144	5.75328e-11	0.133018	1.8645e-05	
0.00204813	1.98285e-05	8.6683e-15	0.000123915	1.17495e-15	1.18732e-23	6.29186e-23	0.041797	0.00162095	2.28767e-06	0.754426	2.4689e-06	8.35063e-19	3.04218e-24	1.11986e-10	0.0397951	0.0299446	4.27407e-18	0.13022	6.76038e-22	
0.0489638	1.22421e-09	3.55432e-16	4.36875e-07	1.81417e-09	3.48578e-60	8.54724e-91	0.313676	8.65694e-28	8.93011e-08	0.0540026	8.1644e-18	8.06266e-08	2.47097e-27	3.41041e-16	0.250705	0.270351	9.15515e-07	0.0623004	6.8304e-25	
0.00793656	1.19891e-06	1.79648e-25	3.47912e-27	2.04122e-05	4.19973e-13	1.43696e-62	0.743768	9.59204e-08	1.50579e-25	0.00825006	1.59435e-14	3.39901e-25	4.08594e-23	7.10555e-11	0.209279	0.0195721	1.90196e-10	0.0111726	3.14773e-19	
0.0981543	2.76179e-13	4.79099e-13	1.503e-10	1.91261e-13	1.7683e-09	5.34472e-09	0.259517	5.61507e-25	1.40276e-32	0.210717	2.63843e-20	2.52429e-07	5.66728e-28	1.84889e-20	0.191462	0.138401	3.06812e-08	0.101748	2.43224e-17	
0.0934684	4.24631e-14	0.000957446	2.94822e-14	3.21989e-06	1.27036e-28	7.24094e-05	0.0472348	4.80819e-36	5.04067e-34	0.0536123	1.40075e-11	3.60815e-06	3.95951e-10	2.16969e-25	0.651183	0.0353359	6.97434e-07	0.118129	2.15064e-14	
0.0565948	4.91803e-66	2.54203e-07	6.08814e-10	7.83553e-16	0.000119639	1.25807e-27	0.251701	2.56999e-06	3.24981e-69	0.0691855	0.000325179	4.04699e-11	4.81008e-21	4.44791e-10	0.374996	0.0522007	2.34714e-79	0.194874	2.62654e-21	
0.0033667	2.98959e-38	6.23518e-29	5.03218e-11	6.10237e-31	1.60585e-17	6.63277e-08	0.804394	2.13015e-13	6.8793e-09	0.109397	5.6346e-11	6.91607e-10	5.03518e-05	0.000179146	0.0291261	0.0108965	2.71317e-64	0.0425905	5.3593e-17	
0.0326855	3.93806e-07	6.96062e-06	3.84458e-13	2.26768e-10	8.0532e-10	2.61902e-19	0.480049	7.33152e-06	4.42825e-10	0.200279	8.80278e-13	3.84452e-12	3.51474e-64	8.96527e-36	0.0649185	0.042914	1.30128e-07	0.179139	1.00395e-08	
0.00767637	1.57252e-06	3.66553e-07	1.13913e-06	6.06054e-05	6.83572e-30	4.70685e-12	0.010081	4.95578e-16	2.82313e-08	0.00758158	1.50732e-12	9.06671e-19	8.21689e-11	2.60727e-07	0.95936	0.00656993	7.87398e-14	0.0086674	7.55583e-10	
0.11297	1.59832e-24	3.97713e-09	0.000285642	2.54206e-41	3.49735e-19	9.22114e-10	0.103453	2.59034e-30	1.08115e-18	0.0358388	1.42606e-10	1.08706e-10	2.09678e-72	3.77563e-16	0.113223	0.0565095	9.09974e-19	0.577721	4.49177e-32	
0.797177	1.2848e-08	4.47263e-05	3.13302e-17	9.91378e-23	5.62756e-12	1.66261e-22	0.118224	9.62101e-13	9.97681e-12	0.0024236	1.26665e-06	3.32035e-09	6.77079e-05	3.8545e-09	0.0359199	0.0410822	2.11315e-15	0.00505932	1.19293e-13	
0.428741	0.000137919	2.57458e-21	0.000289063	9.63872e-09	5.95715e-23	6.35492e-41	0.0959472	8.61021e-14	8.05359e-15	0.0507282	1.21304e-16	3.37716e-06	1.09602e-50	2.30391e-35	0.0542591	0.0497689	4.33078e-14	0.320125	7.09926e-09	
0.0114679	9.48239e-12	2.35469e-20	7.51106e-10	2.0174e-11	0.000166233	9.44179e-10	0.891652	3.73649e-11	1.68315e-08	0.0164548	7.95031e-22	1.88196e-10	1.08327e-09	1.91543e-17	0.0218325	0.00378891	1.15702e-08	0.0546378	2.05532e-13	
0.0209616	0.000142306	0.000366396	3.32114e-26	2.14223e-05	2.37139e-13	1.95415e-08	0.195827	2.16697e-09	1.35758e-11	0.180484	6.45616e-15	2.08943e-38	3.39726e-09	0.000409718	0.212653	0.157114	1.19299e-10	0.232021	8.17052e-14	
0.111416	6.19538e-16	5.5525e-33	4.24654e-08	0.000302946	2.47976e-06	4.83571e-25	0.134687	5.51057e-12	1.5442e-17	0.350736	1.16199e-09	1.65116e-08	8.23786e-28	9.59439e-07	0.220884	0.114925	7.2448e-07	0.0670451	6.38163e-20	
0.161894	5.95083e-40	1.94849e-14	3.7354e-17	3.57887e-19	9.70616e-06	6.60685e-41	0.171171	1.77087e-13	2.98412e-17	0.416869	5.80566e-06	1.71353e-24	1.09415e-27	3.04058e-08	0.118283	0.0803603	1.19359e-22	0.0514071	1.64127e-38	
0.0484702	3.32212e-10	7.63173e-20	3.23549e-05	4.28714e-09	1.03663e-07	4.5051e-14	0.10891	2.46421e-17	3.73373e-16	0.102954	1.28373e-23	1.79661e-10	6.22222e-15	0.00127737	0.117283	0.140939	7.44237e-06	0.480127	1.66318e-15	
0.001644	5.234e-07	2.20512e-07	4.85878e-14	2.63491e-06	1.17179e-47	0.000187982	0.0609501	1.71961e-13	6.64267e-09	0.0883749	9.3811e-51	9.28241e-14	6.55791e-10	1.86526e-19	0.021586	0.00861808	7.60733e-07	0.818635	1.28185e-12	
0.0740127	2.9508e-59	5.89687e-07	1.09242e-17	4.45477e-23	8.04386e-17	7.08003e-81	0.100153	1.08032e-20	2.06089e-20	0.0782335	3.4638e-05	5.64458e-07	1.45214e-19	3.88766e-16	0.137212	0.533403	3.41754e-13	0.0769505	1.15593e-14	
0.956238	6.30118e-07	7.14922e-21	3.48694e-09	1.78582e-06	5.82466e-22	1.72989e-05	0.00904927	2.62618e-09	1.82795e-30	0.00880794	6.79712e-23	2.73097e-05	1.37702e-10	2.01084e-16	0.00449024	0.0069584	3.43543e-18	0.0144087	1.59708e-08	
0.206818	4.89642e-10	2.2633e-27	1.58576e-15	1.37068e-07	1.69655e-10	8.84169e-22	0.0204514	6.8367e-20	2.53015e-24	0.707321	2.23751e-08	1.49973e-13	2.28857e-05	1.5115e-06	0.0507819	0.0116521	2.48898e-27	0.00295087	4.53766e-29	
0.0829181	2.64047e-09	7.87575e-23	6.562e-53	1.43616e-12	1.71155e-08	1.92439e-16	0.324036	4.86156e-20	8.50858e-12	0.379431	4.51446e-33	5.81991e-18	0.000149984	2.39264e-08	0.0904106	0.060533	4.47122e-05	0.0624766	5.26347e-28	
0.0547595	6.98163e-06	4.32634e-17	2.60768e-10	8.39038e-12	8.31437e-30	4.58761e-14	0.078266	1.72483e-05	8.44367e-70	0.0528516	1.81592e-06	5.85874e-17	5.03971e-21	0.00427425	0.324092	0.138833	9.8301e-06	0.346889	7.59555e-16	
0.165313	4.6792e-11	5.02438e-10	1.72399e-13	1.92293e-14	2.29659e-20	8.18605e-31	0.113643	2.79436e-06	2.61169e-12	0.220982	8.42191e-06	2.12542e-18	8.48781e-10	8.78438e-12	0.188685	0.273169	2.26028e-11	0.0381976	6.55747e-20	
0.00786783	3.26914e-31	5.67743e-14	7.37827e-07	3.66976e-15	2.18062e-19	1.3666e-06	0.00772569	1.87733e-09	4.76196e-12	0.964035	1.36805e-11	1.77345e-05	1.1433e-11	1.85043e-26	0.00785898	0.00701099	2.02607e-08	0.00548197	3.3384e-22	
0.0205382	1.2464e-09	3.6832e-07	8.34167e-13	8.57854e-21	1.60139e-15	7.67287e-17	0.498376	1.18711e-17	1.16261e-11	0.397889	4.54627e-23	7.37589e-30	0.000381573	3.63081e-29	0.0353523	0.0200015	2.47232e-16	0.02746	1.16087e-06	
0.00196326	5.81068e-09	1.61094e-13	2.12541e-12	4.0697e-20	8.65179e-13	5.36033e-18	0.475086	1.59113e-05	4.5265e-08	9.05086e-06	6.07982e-10	3.95807e-28	5.78344e-10	0.000519718	0.412484	0.0117794	6.15103e-06	0.0981363	1.15575e-12	
0.0200375	1.12954e-13	6.18268e-27	6.19452e-11	2.28895e-18	5.31075e-05	1.25532e-27	0.207838	1.79768e-05	9.45027e-23	0.0246737	0.000458849	7.0372e-31	2.7641e-06	2.81586e-07	0.267679	0.0276145	1.16325e-06	0.451624	3.1636e-13	
0.0163179	1.00867e-13	2.23121e-20	1.5782e-18	5.45877e-13	1.73548e-11	3.40547e-08	0.0494628	1.99097e-17	3.4759e-18	0.187067	3.40557e-06	1.78011e-13	1.09877e-15	2.26244e-23	0.627288	0.0429221	1.14213e-09	0.0769387	7.53633e-16	
0.0117295	2.08666e-78	1.7031e-20	2.49032e-38	1.45656e-06	3.82973e-16	0.000108322	0.321421	9.92826e-05	9.32164e-13	0.0107564	1.79668e-14	3.52986e-07	1.99107e-06	1.06453e-11	0.631243	0.0121354	8.06197e-05	0.0124227	4.28594e-29	
0.531098	1.93808e-17	0.000119241	1.95358e-13	1.75368e-06	2.09344e-12	1.862e-07	0.33302	5.77615e-10	8.24174e-17	0.0247028	1.11762e-12	1.27303e-40	7.62448e-11	3.31334e-05	0.0804723	0.0248318	1.27248e-05	0.00570827	1.61994e-31	
0.180772	0.00794086	1.35974e-10	0.0027192	0.002102	1.27595e-21	9.78173e-58	0.107784	1.88733e-05	2.38231e-13	0.0166848	1.17137e-39	8.37692e-25	5.2132e-37	3.11963e-46	0.233503	0.397325	3.0929e-12	0.0511512	1.50228e-13	
0.0165682	2.63669e-19	1.71151e-22	7.21143e-17	2.54062e-22	1.93323e-20	2.04519e-22	0.022963	9.00118e-11	4.7018e-09	0.736734	4.82734e-08	2.02138e-30	3.12806e-24	5.64582e-14	0.0315261	0.178957	4.75171e-07	0.0132514	1.90706e-16	
0.0549073	8.87844e-15	6.76323e-10	3.3799e-15	1.15666e-16	4.00395e-09	5.44689e-11	0.226436	8.12091e-11	4.49752e-10	0.332994	3.27281e-08	1.61365e-06	2.6434e-13	6.23882e-25	0.120303	0.16063	3.64054e-10	0.104728	8.91283e-21	
0.0686664	1.475e-09	1.78595e-05	1.84425e-08	1.35668e-08	2.63443e-27	3.89238e-41	0.161342	1.83138e-14	1.00096e-36	0.0284977	5.57794e-09	8.71752e-07	3.58833e-30	0.000535696	0.675988	0.026902	1.07802e-42	0.0380501	3.88211e-18	
0.0741944	9.95756e-31	3.61053e-05	0.000101141	1.67057e-16	2.2057e-22	4.84783e-05	0.370294	7.2512e-08	0.000635412	0.0573262	5.89806e-18	2.13299e-22	9.56399e-26	2.74605e-05	0.244632	0.000424825	2.18012e-20	0.25228	3.1988e-13	
0.117957	7.51203e-29	3.15867e-14	4.26652e-07	3.38692e-19	2.00382e-18	4.91733e-29	0.113006	1.47694e-05	5.64364e-16	0.159451	1.2303e-06	2.21379e-10	3.83383e-11	2.91698e-07	0.318247	0.182408	1.5666e-09	0.108915	4.33614e-43	
0.000778626	0.000963967	1.76125e-10	2.51708e-10	5.24573e-17	1.94681e-41	8.01574e-18	0.0571899	6.74905e-10	3.42723e-16	0.142872	1.39457e-16	1.20201e-10	0.00064757	2.8669e-05	0.00396619	0.791961	5.81766e-20	0.00159047	1.3471e-06	
0.0290941	5.23949e-48	0.000211943	2.2183e-15	3.20157e-05	1.73075e-25	2.2354e-37	0.191439	1.25485e-41	9.57819e-26	0.635447	4.10052e-09	5.45414e-12	6.33778e-18	6.059e-08	0.0648907	0.0389787	6.5143e-31	0.0399069	4.96528e-76	
0.645436	4.02219e-20	3.41722e-05	5.64133e-12	7.82777e-18	4.0264e-07	0.000945493	0.0100581	5.00678e-24	3.27166e-15	0.00148773	2.07543e-08	5.96332e-37	7.00145e-12	5.74774e-09	0.00912099	0.00512848	2.16005e-29	0.327789	2.16807e-23	
0.024069	6.16831e-23	8.18858e-08	4.80301e-93	1.90885e-10	0.000172914	5.73968e-15	0.293957	8.36023e-20	6.09256e-15	0.337733	3.62177e-18	0.000145836	0.000217341	3.56091e-08	0.0615039	0.0181257	1.02567e-05	0.264065	6.65414e-25	
0.233362	1.29568e-18	1.4694e-15	9.86018e-05	2.0189e-07	3.86202e-18	0.000323527	0.00966355	0.000204458	2.60937e-18	0.0116151	6.72544e-17	2.56663e-10	5.51291e-06	8.39009e-09	0.0138386	0.0138491	8.30276e-11	0.717039	7.37939e-14	
0.0997179	1.32871e-40	0.00146633	1.15546e-23	8.74211e-06	7.6204e-12	1.13609e-18	0.739756	4.22195e-14	4.92535e-66	0.0183726	2.88392e-18	2.99898e-15	1.94309e-12	4.16727e-08	0.058693	0.0515995	7.23187e-11	0.0303856	5.41478e-24	
0.324811	1.41425e-06	6.77772e-16	1.70938e-09	1.39995e-06	7.47614e-12	6.16309e-05	0.0537209	6.93114e-16	3.50265e-14	0.0550026	3.04641e-14	1.02717e-24	1.66566e-07	1.69554e-34	0.225948	0.220209	9.59679e-20	0.120244	3.08959e-09	
0.0104727	4.21451e-07	1.4537e-07	2.4184e-06	1.66494e-10	3.54245e-25	2.80323e-27	0.4986	0.000120237	1.05311e-11	0.0445914	2.55318e-07	1.70628e-13	3.23706e-28	1.13078e-06	0.358387	0.0209256	6.52595e-19	0.0668985	3.57651e-09	
0.0193889	4.4106e-12	0.000144034	2.52738e-05	4.54314e-34	3.156e-10	2.80247e-15	0.169228	2.82803e-10	2.89222e-31	0.0242238	5.20189e-16	4.77429e-68	4.08567e-14	2.81165e-34	0.477144	0.048284	5.37015e-19	0.261562	6.12567e-44	
0.0979744	2.20783e-26	3.07755e-07	3.21521e-13	4.60438e-47	3.44217e-26	4.48156e-18	0.0298082	1.36412e-14	1.67843e-14	0.0166995	7.63446e-06	7.39719e-37	5.01941e-09	3.27341e-08	0.797023	0.0454423	2.04329e-07	0.0130446	6.0163e-12	
0.743663	9.92385e-22	4.68307e-26	4.86619e-05	1.71107e-27	0.000128944	2.44413e-07	0.00895267	5.32889e-19	7.93899e-12	0.015955	3.68829e-08	1.58518e-15	7.13302e-14	1.19266e-17	0.0267217	0.00948435	1.69807e-29	0.195046	5.41777e-17	
0.00295572	0.000121609	1.27098e-08	5.36901e-05	6.12569e-39	5.17184e-20	7.58387e-29	0.00647569	7.5187e-08	5.43138e-09	0.00621691	0.00105498	1.17749e-15	2.9136e-29	9.63677e-14	0.922798	0.0537589	7.05476e-33	0.00656421	2.74727e-13	
0.312143	2.36868e-24	2.75236e-12	1.59135e-14	1.98688e-10	3.873e-08	9.02058e-13	0.0997375	1.32288e-05	1.96262e-22	0.133982	2.19082e-37	3.62617e-36	1.43594e-32	8.20337e-22	0.282906	0.108687	2.9288e-42	0.0625305	1.22366e-18	
0.00290765	6.75562e-10	2.93418e-15	3.27571e-30	3.94919e-07	1.20302e-25	3.93843e-08	0.557435	2.27732e-37	3.97531e-63	0.0475359	1.60782e-44	3.11114e-15	6.08516e-07	9.68836e-10	0.010475	0.0183641	1.1632e-09	0.363271	1.01045e-05	
0.469642	3.19359e-09	0.00012452	3.11855e-34	6.82801e-27	4.26283e-12	1.05613e-14	0.0142772	3.12234e-10	3.29581e-10	0.0206401	1.25358e-05	3.45295e-27	1.07982e-39	3.9164e-14	0.107819	0.0242078	6.62105e-29	0.363276	3.69864e-33	
0.476862	1.71178e-09	2.10445e-27	1.42402e-06	1.77433e-06	9.48337e-05	1.96436e-17	0.0590838	1.69677e-06	2.84775e-36	0.305515	7.09135e-06	4.74214e-10	2.27767e-41	1.37863e-23	0.0634158	0.0594871	1.07593e-30	0.0355301	6.32871e-60	
0.0483181	1.63055e-85	0.000703421	1.98052e-07	3.24193e-11	9.92575e-08	1.17416e-22	0.0623541	1.16977e-40	1.33224e-20	0.0307324	1.90585e-55	3.8413e-51	2.44786e-27	0.000130633	0.537005	0.277389	6.68959e-15	0.0433665	5.6238e-17	
0.0282398	6.15543e-30	9.87465e-27	6.37493e-11	1.65812e-05	6.12645e-18	1.09924e-05	0.219738	1.03426e-16	1.4631e-06	0.102077	7.88615e-08	1.18412e-32	6.78307e-07	3.97848e-08	0.196733	0.0396836	9.02996e-08	0.413498	2.86684e-14	
0.00935893	4.01456e-43	4.57049e-06	2.38415e-62	1.63111e-06	7.11727e-42	5.88944e-19	0.0439379	8.15111e-07	7.45715e-07	0.0206825	7.48028e-05	6.65853e-36	3.64796e-29	2.19282e-18	0.0935866	0.0302238	7.79509e-06	0.80212	6.69373e-10	
8.60538e-05	6.7155e-11	1.04976e-06	2.89404e-45	2.09111e-19	1.45714e-29	5.28141e-63	0.279499	1.23106e-07	3.64411e-23	0.249311	1.52418e-48	1.54816e-23	3.76973e-25	2.07904e-07	0.115703	0.081854	6.85782e-12	0.273545	2.25978e-26	
0.570727	2.75102e-23	0.000217459	3.94694e-07	1.67855e-15	1.68057e-33	5.95876e-28	0.280884	1.28534e-10	3.34396e-44	0.0777754	1.28532e-31	9.11169e-06	5.7271e-25	2.33365e-18	0.0190115	0.020025	0.000246588	0.0311035	7.07419e-21	
0.0184878	3.23741e-05	5.9676e-10	4.69423e-18	9.08629e-27	1.7436e-15	3.62139e-31	0.71672	0.00099267	3.64311e-06	0.241947	8.81143e-27	4.01839e-08	8.48948e-11	3.21167e-17	0.00252316	0.0130856	2.45918e-19	0.00620793	1.12275e-10	
0.12644	9.21414e-44	1.20071e-12	5.329e-14	7.25557e-17	7.46799e-13	9.42332e-18	0.128286	5.23578e-12	5.94232e-12	0.0831293	1.67203e-17	1.13148e-06	7.95857e-22	4.17199e-05	0.517966	0.105012	1.16277e-10	0.0391233	3.8935e-16	
0.0739114	3.52153e-13	2.59802e-17	1.00176e-09	2.32178e-14	1.00824e-20	2.45805e-33	0.0705865	4.52816e-11	5.87212e-31	0.106821	0.000157127	3.50976e-07	9.62006e-32	1.1311e-34	0.356197	0.0718067	0.000367855	0.320152	1.81058e-101	
0.0261543	6.24167e-05	0.000187892	9.2633e-15	2.23548e-12	5.48778e-13	4.32025e-06	0.065321	8.48177e-06	1.9227e-07	0.450288	3.93203e-17	2.17838e-22	2.84524e-09	2.32787e-16	0.0970876	0.294124	2.57447e-09	0.0667618	5.07105e-11	
0.00376204	9.23541e-10	7.15927e-14	5.22848e-05	0.00102701	1.25193e-06	3.73883e-25	0.754748	3.6087e-05	8.3948e-15	0.096935	2.11088e-46	3.64813e-39	3.50896e-17	3.48756e-09	0.0154069	0.016089	1.94878e-07	0.111942	2.54585e-09	
0.0412835	2.71902e-19	2.50538e-07	1.02955e-15	1.29854e-18	4.27643e-08	2.16117e-09	0.121249	0.000150374	1.01188e-29	0.131507	1.21835e-11	1.69418e-18	0.000471293	4.49324e-13	0.0785437	0.0200266	7.07715e-05	0.606698	3.78104e-20	
0.013128	3.08498e-07	5.68902e-24	1.85019e-13	6.60184e-21	2.98382e-07	5.6277e-15	0.0269958	1.24896e-30	1.22813e-07	0.0360593	1.18804e-48	3.59948e-15	3.22792e-24	5.39144e-20	0.0370527	0.792343	5.02181e-06	0.0944158	3.90754e-101	
0.00968563	5.81309e-56	6.30533e-26	0.000384967	1.35645e-14	1.03906e-16	6.12702e-33	0.197062	2.23072e-09	1.93974e-05	0.0282426	2.80817e-10	3.15785e-11	2.25676e-12	1.45715e-08	0.651568	0.0114901	2.90892e-13	0.101548	1.2459e-09	
0.0477011	2.94245e-06	2.45013e-18	9.39677e-06	1.70953e-26	1.82838e-27	1.2747e-15	0.159577	3.23644e-31	6.3882e-11	0.29916	3.80103e-21	2.40835e-31	1.97503e-18	1.43782e-10	0.12652	0.0765272	4.92381e-26	0.290503	6.17909e-10	
0.540079	6.90196e-07	0.000554585	9.33221e-05	2.72952e-23	2.10663e-05	2.50189e-15	0.0864477	7.69941e-12	8.56315e-05	0.0179145	3.57389e-06	4.84982e-11	4.33253e-11	8.19584e-11	0.129702	0.206828	2.11261e-05	0.0182486	8.34922e-23	
0.106982	5.8152e-19	1.79702e-08	1.62327e-11	3.61728e-24	3.70558e-21	2.40636e-08	0.0642011	8.08042e-08	2.73882e-15	0.0288041	6.62826e-36	5.0651e-13	3.80823e-34	1.02039e-66	0.502323	0.224734	9.26324e-06	0.0729469	3.8968e-39	
0.083625	1.13048e-26	1.40798e-13	1.64709e-09	1.4048e-08	3.79933e-09	1.05185e-17	0.310103	6.34194e-08	6.76057e-07	0.0210513	5.59944e-22	1.36871e-08	2.18743e-08	5.77035e-05	0.373925	0.083747	4.77969e-11	0.12749	2.58807e-27	
0.379518	5.34615e-06	8.72008e-06	0.00175507	8.80787e-06	1.27551e-40	5.90391e-06	0.154784	9.70249e-47	5.73804e-20	0.0390715	6.57372e-06	4.92983e-21	7.65106e-60	5.23573e-37	0.173807	0.121866	1.55852e-15	0.129164	4.66614e-47	
0.233954	1.32631e-41	7.3558e-08	0.000298852	4.81767e-09	1.23517e-25	8.49969e-08	0.230614	0.00636227	2.65703e-28	0.0233433	9.14461e-33	5.1907e-05	2.46398e-15	1.57294e-47	0.272381	0.0391862	1.03722e-12	0.193806	1.96245e-06	
0.00907919	6.1312e-09	3.57406e-05	3.1338e-12	4.3621e-10	4.13568e-27	2.15003e-22	0.346534	1.95401e-17	5.12401e-16	0.0440516	1.52956e-12	5.974e-07	1.64489e-13	2.31173e-16	0.12298	0.0227835	2.24404e-07	0.454535	7.20413e-12	
0.0857612	5.06262e-41	0.000170298	1.01487e-21	5.04021e-13	7.14603e-13	2.30666e-20	0.270107	7.4278e-05	1.91341e-11	0.121553	4.96793e-08	5.50361e-06	1.34139e-07	6.92397e-21	0.142417	0.0666644	7.51007e-05	0.313172	6.61908e-11	
0.0979772	8.79001e-27	4.24839e-15	6.0095e-07	5.34868e-07	5.97837e-09	1.71625e-09	0.0435485	7.18151e-25	4.38522e-13	0.671465	0.000124238	4.25737e-14	8.27402e-11	4.62756e-09	0.119648	0.0349993	2.33082e-10	0.0322362	6.90923e-07	
0.00635694	1.12964e-10	5.70286e-47	5.86966e-07	2.94023e-09	0.00144895	3.72398e-07	0.271578	1.76003e-17	0.000307845	0.419758	6.23485e-33	6.49063e-09	4.55924e-07	1.59849e-20	0.124276	0.115348	4.23312e-16	0.0609249	2.26935e-15	
0.0723198	1.94814e-14	4.29623e-32	3.06947e-07	1.18944e-13	1.96463e-22	8.82353e-30	0.101431	1.98441e-08	0.000461279	0.529346	1.72245e-08	1.29549e-05	1.52338e-23	1.59637e-26	0.0838498	0.173049	1.93617e-11	0.0395294	2.81415e-20	
0.000295845	6.89521e-55	5.3432e-44	8.51431e-06	4.44419e-16	1.90352e-42	0.000106064	0.742189	8.99016e-59	1.19565e-27	0.0073561	1.36827e-11	2.44928e-82	4.99223e-37	6.75829e-19	0.164181	0.00634955	7.05287e-16	0.079514	1.33507e-36	
0.0589251	2.35193e-13	1.24165e-17	1.81564e-07	1.81178e-18	4.15145e-34	3.50971e-57	0.255971	2.56733e-28	2.90333e-05	0.135842	8.29211e-06	1.99953e-10	5.04623e-05	1.85054e-05	0.104251	0.330787	1.6978e-33	0.114117	7.06365e-13	
0.160149	5.34245e-15	6.82972e-17	3.01122e-17	2.44581e-13	4.25755e-06	1.24266e-05	0.328743	3.47056e-28	2.49652e-16	0.402236	0.000450491	4.61449e-05	2.16573e-21	3.76158e-20	0.0744262	0.0296258	1.53021e-14	0.00430735	1.83982e-08	
0.157116	8.3178e-26	1.17013e-28	1.17252e-09	1.06846e-27	1.1086e-05	2.37917e-09	0.160601	1.10199e-26	1.30276e-11	0.0154631	9.62705e-08	2.69236e-07	1.94897e-07	1.60437e-07	0.263639	0.0794671	2.4731e-28	0.323701	2.01049e-26	
0.0248599	6.60376e-22	8.16734e-08	3.74745e-08	9.73698e-16	1.51814e-10	7.33967e-11	0.128924	2.85106e-17	1.0809e-31	0.456137	1.4657e-09	7.62229e-08	8.67294e-07	3.10888e-05	0.0465885	0.22342	2.93855e-10	0.120039	3.85866e-24	
0.0912533	3.40911e-13	1.2639e-09	9.70929e-08	6.87633e-12	0.00258951	4.45695e-07	0.266726	9.10106e-32	3.44704e-32	0.0141692	4.17926e-28	4.29073e-25	7.91012e-23	1.25581e-37	0.321874	0.0161565	1.41089e-16	0.287231	3.84461e-08	
0.00805814	8.60239e-58	6.76505e-12	8.21208e-22	5.47442e-27	5.21156e-23	3.6997e-21	0.32047	5.70493e-06	7.075e-25	0.057784	5.54549e-24	1.41648e-06	1.85328e-09	6.86039e-25	0.324158	0.00442433	1.63124e-13	0.285098	5.09703e-13	
0.24237	3.82166e-18	6.12609e-06	1.4612e-27	4.42406e-47	0.00110885	3.14737e-10	0.0213225	1.19829e-19	3.11149e-37	0.00675439	3.40359e-07	1.35242e-12	5.00917e-11	0.000830798	0.0900271	0.623267	9.1026e-12	0.0143132	2.83313e-17	
0.0907161	2.70556e-47	6.96612e-17	4.3288e-17	7.85834e-13	1.53065e-11	4.94938e-15	0.0440211	7.83044e-10	3.34569e-25	0.363809	2.69285e-41	4.29967e-30	4.63054e-13	4.34113e-11	0.0617016	0.280215	1.38943e-12	0.159537	3.23339e-17	
0.333478	8.58519e-07	9.06698e-12	0.00596659	1.05119e-05	1.04665e-36	4.01051e-33	0.116023	7.70182e-11	3.13073e-20	0.0903091	0.000183885	3.27237e-33	3.30939e-23	1.56714e-26	0.357978	0.0842217	9.64044e-21	0.011829	2.3454e-18	
0.0213551	7.09372e-33	3.21345e-06	2.55628e-08	0.000205282	1.01363e-12	3.55272e-07	0.101375	2.87332e-41	1.93608e-11	0.314219	5.22508e-34	3.31408e-09	1.51717e-08	2.72898e-18	0.0528485	0.466546	1.21079e-22	0.0434469	6.4316e-17	
0.0124625	1.81146e-14	7.17124e-06	1.82014e-19	7.72012e-42	3.52445e-09	4.0868e-09	0.58413	7.43167e-34	4.38003e-18	0.0082102	1.34906e-21	6.46277e-56	5.29816e-09	5.32942e-23	0.147874	0.00474389	7.77611e-28	0.24232	0.000252075	
0.0669287	7.42535e-15	6.37033e-10	1.17777e-08	1.49089e-15	3.89546e-38	6.11722e-15	0.216026	4.0761e-78	9.46913e-18	0.158036	4.4636e-14	2.22087e-89	2.57171e-06	1.259e-06	0.102739	0.206982	6.11562e-16	0.249284	1.84458e-14	
0.432834	0.000201744	1.34843e-07	3.08699e-26	2.98311e-12	7.30734e-25	0.00444098	0.00761759	4.74161e-13	6.7669e-29	0.0765235	6.80605e-12	1.77327e-06	3.94376e-09	4.76595e-17	0.073884	0.209453	4.99137e-06	0.195038	1.90395e-23	
0.00773283	1.41499e-06	3.49299e-16	2.86709e-09	2.29316e-08	9.92691e-05	3.98754e-31	0.0183247	2.50614e-08	0.00063945	8.56904e-06	5.29038e-12	7.54903e-22	1.78539e-25	7.17904e-09	0.631125	0.33128	2.21056e-07	0.0107892	1.19181e-34	
0.0124036	7.53581e-05	1.80021e-10	1.7675e-05	2.97278e-13	1.31101e-08	2.50893e-30	0.0199109	9.6055e-11	3.23446e-17	0.429423	8.85158e-12	1.08017e-10	2.05525e-24	3.30444e-05	0.0125049	0.497525	9.88977e-07	0.0281055	4.33458e-15	
0.00397949	3.69557e-11	6.57657e-09	9.19399e-15	1.55934e-09	3.48493e-17	7.50623e-05	0.10999	1.3123e-18	5.36673e-15	0.0069795	1.06519e-16	3.52634e-07	2.61384e-35	1.56017e-10	0.845084	0.0146328	2.53272e-24	0.019259	1.32127e-24	
0.105318	3.45456e-27	7.37305e-08	5.97012e-42	5.73629e-30	6.92748e-23	0.00237403	0.13448	6.57723e-06	3.02501e-07	0.0295452	1.09709e-21	1.69466e-05	2.63872e-14	7.51969e-14	0.294566	0.25196	3.95325e-35	0.181731	1.81246e-06	
0.000769364	7.19246e-62	2.38026e-05	0.000140637	0.000991205	1.31941e-06	5.10617e-08	0.082408	1.7958e-19	2.70387e-05	0.139032	1.20842e-11	1.74696e-06	2.51361e-14	1.43653e-20	0.0772925	0.653813	2.70975e-22	0.0454994	2.53244e-29	
0.180542	1.0921e-05	1.8816e-28	9.88766e-07	1.11073e-06	3.2913e-15	1.08061e-06	0.161872	6.77511e-09	9.56347e-48	0.300528	0.000159434	9.69757e-16	8.05581e-09	8.41918e-28	0.143811	0.0360337	1.45581e-07	0.17704	4.20707e-23	
0.056011	1.4926e-10	0.0043167	6.36954e-57	4.41733e-12	3.80466e-15	3.94167e-12	0.00237164	3.84805e-20	1.1205e-08	0.00329365	1.51651e-20	3.23297e-08	1.12155e-06	4.34384e-12	0.113734	0.811111	2.6719e-38	0.00916107	3.5463e-34	
0.00344882	7.54651e-05	2.13877e-07	3.05097e-08	1.4643e-07	4.63035e-22	2.82652e-30	0.16427	9.03957e-05	7.88017e-06	0.118422	1.57717e-14	1.67261e-20	5.54315e-13	1.42356e-14	0.0841612	0.609353	2.22324e-08	0.0201715	1.65517e-16	
0.000933551	2.56682e-06	2.1874e-05	2.41523e-12	4.1523e-42	4.11871e-14	9.75108e-38	0.641564	6.0284e-19	1.83903e-53	0.10173	1.39019e-09	4.42124e-19	1.59407e-25	1.12078e-09	0.114329	0.0581337	8.41675e-15	0.0832859	8.02651e-16	
0.680654	1.88776e-61	6.20226e-09	6.80865e-12	0.000439636	8.06633e-15	2.21262e-06	0.0437398	4.16616e-10	8.11723e-21	0.00974694	1.91724e-09	7.12837e-14	4.18084e-15	9.10491e-37	0.19593	0.0504552	0.00261753	0.0164149	1.84448e-57	
0.00229624	1.00703e-18	6.13821e-28	1.01604e-20	2.0439e-17	0.00321135	1.1377e-06	0.617719	6.42831e-17	1.90267e-05	0.135989	1.73295e-32	8.52809e-33	2.92344e-29	1.42886e-14	0.0334184	0.18391	1.65731e-06	0.0234331	1.11305e-16	
0.0036074	8.7495e-11	0.0035729	4.08059e-19	2.14482e-12	3.36391e-15	1.55345e-05	0.207296	7.41963e-06	2.46137e-08	0.413171	7.06097e-21	2.10955e-28	8.22861e-15	5.94526e-34	0.0372878	0.317128	3.09404e-06	0.017911	1.64298e-19	
0.281338	2.79618e-24	9.40752e-05	1.40351e-22	2.93784e-09	1.82672e-14	0.00128724	0.00905105	0.00384816	4.16625e-06	0.00660556	0.000105195	0.000435088	1.81345e-08	2.71105e-06	0.337548	0.333915	5.8802e-13	0.025721	4.44763e-05	
0.0139023	0.000518745	6.03185e-23	1.37489e-06	7.08325e-10	8.78494e-13	0.000104367	0.0574039	4.28969e-12	2.35883e-08	0.363723	0.00278332	2.07691e-05	1.42108e-20	4.5216e-11	0.0431013	0.00966568	5.76122e-21	0.508775	3.96867e-23	
0.128465	1.25348e-15	5.63566e-11	1.97024e-09	3.08092e-22	3.00009e-65	4.79326e-28	0.0358299	0.000118008	7.88406e-26	0.0143562	1.52219e-05	6.12895e-29	1.37539e-43	1.61573e-25	0.672992	0.0821398	4.40325e-20	0.0660835	1.28614e-32	
0.342866	1.71531e-33	7.09821e-27	1.15255e-21	0.000156787	1.68825e-16	2.59641e-34	0.0339862	5.80561e-07	2.48102e-09	0.0338519	3.55157e-22	2.29998e-36	7.25582e-05	6.15834e-14	0.435258	0.150122	7.10206e-52	0.00368551	5.73213e-08	
0.00784778	2.44424e-33	5.36174e-10	4.60266e-09	2.76646e-13	2.18387e-07	1.01686e-16	0.0812298	0.00169538	4.95849e-05	0.0724972	5.82884e-05	2.0369e-17	4.90285e-05	5.19615e-23	0.357972	0.386754	1.2527e-26	0.0918468	1.13197e-11	
0.0229483	9.65429e-13	1.59723e-12	2.66801e-14	1.20194e-08	1.51575e-11	0.000433871	0.134916	3.83501e-11	1.95347e-06	0.199491	2.88294e-24	3.73304e-17	7.99543e-60	1.18058e-19	0.43121	0.154436	1.4692e-06	0.056562	6.02398e-27	
0.0107748	8.88486e-17	8.06913e-21	0.00038246	0.000579872	9.08722e-25	2.24977e-21	0.0595198	5.41388e-10	2.35879e-14	0.0440049	2.23494e-11	3.10486e-12	4.49774e-05	4.26491e-20	0.180747	0.456794	3.50113e-67	0.247153	1.16082e-39	
0.113625	7.66262e-10	1.42773e-16	1.31756e-54	0.00186205	1.12409e-13	2.20057e-34	0.0164473	9.06805e-12	7.55577e-17	0.00567698	2.92638e-09	1.52493e-19	2.54658e-07	7.24851e-14	0.213196	0.480968	5.87212e-25	0.168224	7.89879e-08	
0.13972	2.23296e-34	1.44551e-28	0.000344276	6.75442e-08	2.94662e-27	2.25405e-70	0.202651	5.67539e-10	0.0394488	0.00435598	4.10793e-06	1.15476e-08	0.000941948	1.32388e-19	0.414111	0.143651	0.000315851	0.0246184	0.0298375	
0.254559	1.77036e-17	2.05439e-28	4.05007e-12	8.38966e-31	4.44943e-16	1.04029e-61	0.426262	1.65879e-06	3.25398e-36	0.0620341	1.20241e-10	3.10254e-13	1.47558e-10	1.46814e-11	0.144268	0.044747	2.7006e-08	0.0681282	4.18028e-34	
