across-site compositional heterogeneity test
obs     : 0.0248586
mean    : 0.0233123 +/- 4.06847e-05
z-score : 38.0064
pp      : 0
