across-site compositional heterogeneity test
obs     : 0.0248586
mean    : 0.0233128 +/- 4.05085e-05
z-score : 38.1594
pp      : 0
