empirical convergence probability test
obs     : 0.556055
mean    : 0.527232 +/- 0.000787437
z-score : 36.6033
pp      : 0
