empirical convergence probability test
obs     : 0.556055
mean    : 0.527265 +/- 0.000799342
z-score : 36.016
pp      : 0
